packages/corona-lab/corona_lab-0.1.0.tar.gz/corona_lab-0.1.0/corona_lab/tests/data/coord_test.ecsv
# %ECSV 1.0
# ---
# datatype:
# - {name: radius, unit: 6.957e+08 m, datatype: float64}
# - {name: theta, unit: rad, datatype: float64}
# - {name: phi, unit: rad, datatype: float64}
# - {name: Bmag, unit: G, datatype: float64}
# - {name: proms, datatype: bool}
# - {name: ds, unit: 6.957e+08 m, datatype: float64}
# - {name: dA_c, unit: 4.83998e+17 m2, datatype: float64}
# - {name: dV, unit: 3.36718e+26 m3, datatype: float64}
# - {name: Mprom, unit: kg, datatype: float64}
# - {name: line_num, datatype: int64}
# - {name: temperature, unit: K, datatype: float64}
# - {name: pressure, unit: Pa, datatype: float64}
# - {name: ndens, unit: 1 / m3, datatype: float64}
# - {name: wind, datatype: bool}
# - {name: 8.4 GHz Kappa_ff, unit: 1 / cm, datatype: float64}
# - {name: gyro_freq, unit: GHz, datatype: float64}
# - {name: ECM valid, datatype: bool}
# - {name: ecm_frac, datatype: float64}
# - {name: ECM, unit: GHz mJy, datatype: float64}
# - {name: x, unit: 6.957e+08 m, datatype: float64}
# - {name: y, unit: 6.957e+08 m, datatype: float64}
# - {name: z, unit: 6.957e+08 m, datatype: float64}
# meta: !!omap
# - Radius: !astropy.units.Quantity
#     unit: &id001 !astropy.units.Unit {unit: m}
#     value: 695700000.0
# - Source Surface Radius: !astropy.units.Quantity
#     unit: *id001
#     value: 6031575196.790503
# - {nrad: 45}
# - Corona Temperature: !astropy.units.Quantity
#     unit: &id002 !astropy.units.Unit {unit: K}
#     value: 9000000.0
# - Prominence Temperature: !astropy.units.Quantity
#     unit: *id002
#     value: 8500.0
# - {Ratio Exponent: 5.0}
# - Total Prominence Mass: !astropy.units.Quantity
#     unit: &id004 !astropy.units.Unit {unit: kg}
#     value: 302460422000000.0
# - Distance: !astropy.units.Quantity
#     unit: !astropy.units.Unit {unit: pc}
#     value: 15.0
# - {UID: 3532ae0a87757d84cdbf548f2ef2a55b}
# - Observation frequencies: !astropy.units.Quantity
#     unit: &id005 !astropy.units.Unit {unit: GHz}
#     value: !numpy.ndarray
#       buffer: !!binary |
#         emN6TXpNek1JRUE9
#       dtype: float64
#       order: C
#       shape: !!python/tuple [1]
# - Observation angle: !astropy.units.Quantity
#     unit: &id003 !astropy.units.Unit {unit: deg}
#     value: !numpy.ndarray
#       buffer: !!binary |
#         QUFBQUFBQUFBRUQvLy8vLy8vODlRQT09
#       dtype: float64
#       order: C
#       shape: !!python/tuple [2]
# - Phase: !astropy.units.Quantity
#     unit: *id003
#     value: 0.0
# - {ECM Harmonic: 1}
# - __serialized_columns__:
#     8.4 GHz Kappa_ff:
#       __class__: astropy.units.quantity.Quantity
#       unit: !astropy.units.Unit {unit: 1 / cm}
#       value: !astropy.table.SerializedColumn {name: 8.4 GHz Kappa_ff}
#     Bmag:
#       __class__: astropy.units.quantity.Quantity
#       unit: !astropy.units.Unit {unit: G}
#       value: !astropy.table.SerializedColumn {name: Bmag}
#     ECM:
#       __class__: astropy.units.quantity.Quantity
#       unit: !astropy.units.Unit {unit: GHz mJy}
#       value: !astropy.table.SerializedColumn {name: ECM}
#     Mprom:
#       __class__: astropy.units.quantity.Quantity
#       unit: *id004
#       value: !astropy.table.SerializedColumn {name: Mprom}
#     dA_c:
#       __class__: astropy.units.quantity.Quantity
#       unit: !astropy.units.Unit {unit: 4.83998e+17 m2}
#       value: !astropy.table.SerializedColumn {name: dA_c}
#     dV:
#       __class__: astropy.units.quantity.Quantity
#       unit: !astropy.units.Unit {unit: 3.36718e+26 m3}
#       value: !astropy.table.SerializedColumn {name: dV}
#     ds:
#       __class__: astropy.units.quantity.Quantity
#       unit: !astropy.units.Unit {unit: 6.957e+08 m}
#       value: !astropy.table.SerializedColumn {name: ds}
#     gyro_freq:
#       __class__: astropy.units.quantity.Quantity
#       unit: *id005
#       value: !astropy.table.SerializedColumn {name: gyro_freq}
#     ndens:
#       __class__: astropy.units.quantity.Quantity
#       unit: !astropy.units.Unit {unit: 1 / m3}
#       value: !astropy.table.SerializedColumn {name: ndens}
#     phi:
#       __class__: astropy.units.quantity.Quantity
#       unit: &id006 !astropy.units.Unit {unit: rad}
#       value: !astropy.table.SerializedColumn {name: phi}
#     pressure:
#       __class__: astropy.units.quantity.Quantity
#       unit: !astropy.units.Unit {unit: Pa}
#       value: !astropy.table.SerializedColumn {name: pressure}
#     radius:
#       __class__: astropy.units.quantity.Quantity
#       unit: &id007 !astropy.units.Unit {unit: 6.957e+08 m}
#       value: !astropy.table.SerializedColumn {name: radius}
#     temperature:
#       __class__: astropy.units.quantity.Quantity
#       unit: *id002
#       value: !astropy.table.SerializedColumn {name: temperature}
#     theta:
#       __class__: astropy.units.quantity.Quantity
#       unit: *id006
#       value: !astropy.table.SerializedColumn {name: theta}
#     x:
#       __class__: astropy.units.quantity.Quantity
#       unit: *id007
#       value: !astropy.table.SerializedColumn {name: x}
#     y:
#       __class__: astropy.units.quantity.Quantity
#       unit: *id007
#       value: !astropy.table.SerializedColumn {name: y}
#     z:
#       __class__: astropy.units.quantity.Quantity
#       unit: *id007
#       value: !astropy.table.SerializedColumn {name: z}
# schema: astropy-2.0
radius theta phi Bmag proms ds dA_c dV Mprom line_num temperature pressure ndens wind "8.4 GHz Kappa_ff" gyro_freq "ECM valid" ecm_frac ECM x y z
1.0 0.736311 5.84141 0.0 False 0.0 0.0 0.0 0.0 -300 0.0 0.0 0.0 True 0.0 0.0 False 0.0 0.0 0.9400299851022673 -0.30813381717960264 -0.14627774204901473
3.3516 1.14974 6.29852 0.0 False 0.0 0.0 0.0 0.0 -300 0.0 0.0 0.0 True 0.0 0.0 False 0.0 0.0 2.7154913451562153 -0.059863925764687596 -1.9636052619540743
1.51738 1.21467 5.27803 0.0 False 0.0 0.0 0.0 0.0 -200 0.0 0.0 0.0 True 0.0 0.0 False 0.0 0.0 0.8180803560211646 -1.2265309002465996 -0.3588990752740258
6.19331 1.3756 5.0146 0.0 False 0.0 0.0 0.0 0.0 -200 0.0 0.0 0.0 True 0.0 0.0 False 0.0 0.0 1.842706866811062 -5.859926678131579 -0.789163789101581
2.91305 1.74214 5.9759 0.0 False 0.0 0.0 0.0 0.0 -100 0.0 0.0 0.0 True 0.0 0.0 False 0.0 0.0 0.9218362319234157 -0.9631681056436299 -2.5900551083488743
1.11304 2.92223 5.5151 28.7419 False 0.0164433 0.00113085 1.85948e-05 0.0 882 9000000.0 0.0422016 339627716144122.5 False 3.5473192462877657e-15 0.08047732 False 0.0 0.0 -0.8567088786560492 -0.17425201113198477 -0.688871668344949
1.38736 2.33929 0.874579 23.7244 False 0.0204305 0.000632145 1.2915e-05 0.0 1398 9000000.0 0.142338 1145499930346766.8 False 4.035377424934068e-14 0.06642832 False 0.0 0.0 -0.5020951443140704 0.7425292821833094 -1.0589232742538865
4.6252 2.36911 1.88954 0.399587 False 0.0681117 0.0375319 0.00255636 0.0 1398 9000000.0 0.09618530000000002 774074768862727.4 False 1.8427221210749822e-14 0.0011188436 False 0.0 0.0 -3.320675288734875 3.0988395932385417 -0.8733749722557596
1.90944 1.69686 2.89396 17.2643 False 0.0281188 0.000868688 2.44265e-05 0.0 1398 9000000.0 0.117499 945601991849082.9 False 2.7498612589870143e-14 0.048340039999999994 False 0.0 0.0 -1.1175002853828742 0.5281181156461957 1.4554193490865464
1.92118 1.93558 1.34458 7.77593 False 0.0286418 0.00570751 0.000163473 0.0 5300 9000000.0 0.5199940000000001 4184779122797403.0 False 5.385662157696998e-13 0.021772603999999997 False 0.0 0.0 -0.36187901689061885 1.7339267913954457 -0.7439583668562199
1.70266 1.03753 2.18279 21.6261 False 0.0247991 0.00205221 5.0893e-05 0.0 5300 9000000.0 0.5551440000000001 4467657360173851.0 False 6.13837960543177e-13 0.06055308 False 0.0 0.0 0.3496027304493261 1.2287969177682432 1.1255608119269442
