packages/corona-lab/corona_lab-0.1.0.tar.gz/corona_lab-0.1.0/corona_lab/tests/data/example_table.ecsv
# %ECSV 1.0
# ---
# datatype:
# - {name: radius, unit: 6.957e+08 m, datatype: float64}
# - {name: theta, unit: rad, datatype: float64}
# - {name: phi, unit: rad, datatype: float64}
# - {name: Bmag, unit: G, datatype: float64}
# - {name: proms, datatype: bool}
# - {name: ds, unit: 6.957e+08 m, datatype: float64}
# - {name: dA_c, unit: 4.83998e+17 m2, datatype: float64}
# - {name: dV, unit: 3.36718e+26 m3, datatype: float64}
# - {name: Mprom, unit: kg, datatype: float64}
# - {name: line_num, datatype: int64}
# - {name: temperature, unit: K, datatype: float64}
# - {name: pressure, unit: Pa, datatype: float64}
# - {name: ndens, unit: 1 / m3, datatype: float64}
# meta: !!omap
# - Radius: !astropy.units.Quantity
#     unit: &id001 !astropy.units.Unit {unit: m}
#     value: 695700000.0
# - Source Surface Radius: !astropy.units.Quantity
#     unit: *id001
#     value: 6031575196.790503
# - {nrad: 45}
# - Corona Temperature: !astropy.units.Quantity
#     unit: &id002 !astropy.units.Unit {unit: K}
#     value: 9000000.0
# - Prominence Temperature: !astropy.units.Quantity
#     unit: *id002
#     value: 8500.0
# - {Ratio Exponent: 5.0}
# - __serialized_columns__:
#     Bmag:
#       __class__: astropy.units.quantity.Quantity
#       unit: !astropy.units.Unit {unit: G}
#       value: !astropy.table.SerializedColumn {name: Bmag}
#     Mprom:
#       __class__: astropy.units.quantity.Quantity
#       unit: !astropy.units.Unit {unit: kg}
#       value: !astropy.table.SerializedColumn {name: Mprom}
#     dA_c:
#       __class__: astropy.units.quantity.Quantity
#       unit: !astropy.units.Unit {unit: 4.83998e+17 m2}
#       value: !astropy.table.SerializedColumn {name: dA_c}
#     dV:
#       __class__: astropy.units.quantity.Quantity
#       unit: !astropy.units.Unit {unit: 3.36718e+26 m3}
#       value: !astropy.table.SerializedColumn {name: dV}
#     ds:
#       __class__: astropy.units.quantity.Quantity
#       unit: !astropy.units.Unit {unit: 6.957e+08 m}
#       value: !astropy.table.SerializedColumn {name: ds}
#     ndens:
#       __class__: astropy.units.quantity.Quantity
#       unit: !astropy.units.Unit {unit: 1 / m3}
#       value: !astropy.table.SerializedColumn {name: ndens}
#     phi:
#       __class__: astropy.units.quantity.Quantity
#       unit: &id003 !astropy.units.Unit {unit: rad}
#       value: !astropy.table.SerializedColumn {name: phi}
#     pressure:
#       __class__: astropy.units.quantity.Quantity
#       unit: !astropy.units.Unit {unit: Pa}
#       value: !astropy.table.SerializedColumn {name: pressure}
#     radius:
#       __class__: astropy.units.quantity.Quantity
#       unit: !astropy.units.Unit {unit: 6.957e+08 m}
#       value: !astropy.table.SerializedColumn {name: radius}
#     temperature:
#       __class__: astropy.units.quantity.Quantity
#       unit: *id002
#       value: !astropy.table.SerializedColumn {name: temperature}
#     theta:
#       __class__: astropy.units.quantity.Quantity
#       unit: *id003
#       value: !astropy.table.SerializedColumn {name: theta}
# schema: astropy-2.0
radius theta phi Bmag proms ds dA_c dV Mprom line_num temperature pressure ndens
[from data line 609]
1.57862 2.35319 0.903977 16.0794 False 0.0232472 0.000932701 2.16826e-05 0.0 1398 9000000.0 0.12587900000000002 1013042095098432.4
1.60139 2.35478 0.907519 15.3958 False 0.0235823 0.000974111 2.29718e-05 0.0 1398 9000000.0 0.124323 1000519803850701.0
1.62446 2.35639 0.911138 14.7137 False 0.0239221 0.00101927 2.43831e-05 0.0 1398 9000000.0 0.12281500000000001 988383804363825.4
1.64784 2.35801 0.914842 14.0847 False 0.0242665 0.00106479 2.58387e-05 0.0 1398 9000000.0 0.121354 976626048892787.1
1.67155 2.35964 0.91863 13.4928 False 0.0246156 0.0011115 2.73603e-05 0.0 1398 9000000.0 0.119938 965230441947551.0
1.69557 2.36127 0.922508 12.9024 False 0.0249694 0.00116236 2.90235e-05 0.0 1398 9000000.0 0.118565 954180888038081.2
1.71992 2.36291 0.926486 12.3264 False 0.0253279 0.00121668 3.0816e-05 0.0 1398 9000000.0 0.117235 943477387164377.8
1.7446 2.36457 0.930563 11.8172 False 0.0256913 0.0012691 3.26049e-05 0.0 1398 9000000.0 0.11594600000000001 933103843836405.1
1.7696 2.36622 0.934739 11.3092 False 0.0260595 0.00132611 3.45578e-05 0.0 1398 9000000.0 0.11469700000000002 923052210309145.4
1.79493 2.36789 0.939022 10.8022 False 0.0264325 0.00138835 3.66977e-05 0.0 1398 9000000.0 0.11348700000000002 913314438837580.5
1.8206 2.36956 0.943417 10.3448 False 0.0268105 0.00144974 3.88684e-05 0.0 1398 9000000.0 0.11231500000000001 903882481676693.0
1.8466 2.37124 0.947917 9.90786 False 0.0271935 0.00151367 4.1162e-05 0.0 1398 9000000.0 0.111179 894740243336446.9
1.87295 2.37293 0.952532 9.47198 False 0.0275814 0.00158333 4.36704e-05 0.0 1398 9000000.0 0.110078 885879676071824.8
1.89963 2.37462 0.957273 9.05186 False 0.0279743 0.00165681 4.63483e-05 0.0 1398 9000000.0 0.10901200000000001 877300779882826.5
1.92666 2.37632 0.962132 8.6769 False 0.0283723 0.00172841 4.90391e-05 0.0 1398 9000000.0 0.107979 868987459279416.1
1.95403 2.37802 0.967113 8.30286 False 0.0287755 0.00180628 5.19764e-05 0.0 1398 9000000.0 0.106979 860939714261594.0
1.98175 2.37972 0.972226 7.9298 False 0.0291837 0.00189125 5.51937e-05 0.0 1398 9000000.0 0.10601000000000001 853141449339324.4
2.00982 2.38143 0.977476 7.59674 False 0.029597 0.00197417 5.84296e-05 0.0 1398 9000000.0 0.105073 845600712257625.0
2.03824 2.38314 0.982853 7.27621 False 0.0300156 0.00206114 6.18663e-05 0.0 1398 9000000.0 0.10416500000000001 838293359781442.5
2.06702 2.38485 0.988367 6.95658 False 0.0304394 0.00215584 6.56224e-05 0.0 1398 9000000.0 0.10328700000000002 831227439655794.8
2.09615 2.38655 0.99403 6.64969 False 0.0308684 0.00225533 6.96184e-05 0.0 1398 9000000.0 0.10243700000000001 824386856390646.0
2.12564 2.38826 0.999832 6.37531 False 0.0313026 0.00235239 7.36361e-05 0.0 1398 9000000.0 0.10161500000000001 817771609985996.1
2.15549 2.38996 1.00578 6.10173 False 0.0317422 0.00245787 7.80182e-05 0.0 1398 9000000.0 0.10082 811373652696827.5
2.18569 2.39167 1.01187 5.82898 False 0.032187 0.00257288 8.28132e-05 0.0 1398 9000000.0 0.10005200000000002 805192984523140.1
2.21626 2.39336 1.01813 5.58503 False 0.0326371 0.00268526 8.76391e-05 0.0 1398 9000000.0 0.09930900000000001 799213509974898.2
2.24719 2.39505 1.02452 5.35108 False 0.0330926 0.00280266 9.27473e-05 0.0 1398 9000000.0 0.0985917 793440862473614.4
2.27849 2.39673 1.03108 5.11785 False 0.0335535 0.00293038 9.83244e-05 0.0 1398 9000000.0 0.097899 787866189499769.0
2.31014 2.39841 1.0378 4.89089 False 0.0340196 0.00306637 0.000104317 0.0 1398 9000000.0 0.0972306 782487076729856.6
2.34216 2.40008 1.04468 4.68991 False 0.0344911 0.00319777 0.000110295 0.0 1398 9000000.0 0.09658570000000001 777297085967863.2
2.37454 2.40173 1.05172 4.48963 False 0.034968 0.00334042 0.000116808 0.0 1398 9000000.0 0.09596400000000001 772293802890283.2
2.40729 2.40338 1.05893 4.29011 False 0.0354503 0.00349577 0.000123926 0.0 1398 9000000.0 0.095365 767473203624607.8
2.4404 2.40501 1.06632 4.1084 False 0.0359378 0.00365038 0.000131187 0.0 1398 9000000.0 0.0947882 762831264298327.9
2.47388 2.40663 1.07387 3.93695 False 0.0364308 0.00380936 0.000138778 0.0 1398 9000000.0 0.0942331 758363961038934.9
2.50771 2.40823 1.0816 3.76617 False 0.0369292 0.00398209 0.000147055 0.0 1398 9000000.0 0.0936996 754070489071926.6
2.54191 2.40981 1.08951 3.59667 False 0.0374327 0.00416977 0.000156086 0.0 1398 9000000.0 0.0931872 749946824524794.6
2.57646 2.41138 1.0976 3.45048 False 0.0379416 0.00434643 0.00016491 0.0 1398 9000000.0 0.09269540000000001 745988943525029.9
2.61138 2.41292 1.10587 3.305 False 0.0384558 0.00453775 0.000174503 0.0 1398 9000000.0 0.0922239 742194431749126.6
2.64665 2.41444 1.11433 3.16028 False 0.0389752 0.00474555 0.000184959 0.0 1398 9000000.0 0.09177260000000001 738562484422583.5
2.68227 2.41593 1.12298 3.02351 False 0.0394997 0.00496021 0.000195927 0.0 1398 9000000.0 0.09134110000000001 735089882447393.2
2.71825 2.41739 1.13182 2.89939 False 0.0400295 0.00517256 0.000207055 0.0 1398 9000000.0 0.09092910000000001 731774211500050.6
2.75457 2.41883 1.14085 2.77523 False 0.0405645 0.00540396 0.000219209 0.0 1398 9000000.0 0.0905363 728613057257050.0
2.79124 2.42023 1.15007 2.65185 False 0.0411044 0.00565539 0.000232461 0.0 1398 9000000.0 0.09016270000000001 725606419718391.8
2.82824 2.4216 1.15951 2.54027 False 0.0416492 0.00590381 0.000245889 0.0 1398 9000000.0 0.089808 722751884560570.1
2.86557 2.42293 1.16914 2.4348 False 0.0421991 0.00615954 0.000259927 0.0 1398 9000000.0 0.0894718 720046232685578.4
2.90324 2.42422 1.17897 2.33005 False 0.0427538 0.00643644 0.000275182 0.0 1398 9000000.0 0.0891542 717490268867918.0
2.94123 2.42547 1.18901 2.22608 False 0.0433132 0.00673707 0.000291804 0.0 1398 9000000.0 0.0888551 715083188333087.5
2.97953 2.42668 1.19926 2.13549 False 0.0438772 0.00702288 0.000308144 0.0 1398 9000000.0 0.0885742 712822576757581.2
3.01815 2.42784 1.20971 2.04673 False 0.0444459 0.00732742 0.000325674 0.0 1398 9000000.0 0.0883113 710706824592395.8
3.05707 2.42895 1.22037 1.95868 False 0.0450191 0.00765683 0.000344704 0.0 1398 9000000.0 0.08806660000000001 708737541386534.8
3.09628 2.43001 1.23126 1.87207 False 0.0455965 0.00801104 0.000365275 0.0 1398 9000000.0 0.08784 706913922365496.1
3.13577 2.43101 1.24236 1.79604 False 0.0461781 0.00835019 0.000385596 0.0 1398 9000000.0 0.0876313 705234357980276.6
3.17554 2.43196 1.25367 1.72071 False 0.0467637 0.00871575 0.000407581 0.0 1398 9000000.0 0.08744060000000001 703699653005378.0
3.21557 2.43284 1.26521 1.64612 False 0.0473532 0.0091107 0.000431421 0.0 1398 9000000.0 0.087268 702310612215301.9
3.25584 2.43365 1.27698 1.57412 False 0.0479462 0.0095274 0.000456803 0.0 1398 9000000.0 0.08711350000000001 701067235610048.5
3.29635 2.4344 1.28897 1.51063 False 0.0485427 0.00992784 0.000481924 0.0 1398 9000000.0 0.08697700000000001 699968718415115.8
3.33708 2.43507 1.30119 1.44782 False 0.0491426 0.0103585 0.000509044 0.0 1398 9000000.0 0.08685870000000001 699016670179507.4
3.37802 2.43567 1.31363 1.38572 False 0.0497455 0.0108227 0.00053838 0.0 1398 9000000.0 0.08675860000000002 698211090903223.5
3.41914 2.43619 1.32631 1.32576 False 0.050351 0.0113122 0.000569581 0.0 1398 9000000.0 0.08667700000000002 697554394909769.1
3.46043 2.43662 1.33921 1.27215 False 0.050959 0.0117889 0.000600752 0.0 1398 9000000.0 0.08661390000000001 697046582199144.5
3.50187 2.43697 1.35235 1.21926 False 0.0515693 0.0123003 0.000634319 0.0 1398 9000000.0 0.0865696 696690067094854.9
3.54343 2.43722 1.36573 1.16711 False 0.0521814 0.0128499 0.000670525 0.0 1398 9000000.0 0.0865442 696485654371402.2
3.58508 2.43737 1.37935 1.11603 False 0.0527947 0.013438 0.000709457 0.0 1398 9000000.0 0.0865381 696436563126793.6
3.6268 2.43742 1.3932 1.07189 False 0.0534091 0.0139915 0.000747271 0.0 1398 9000000.0 0.08655120000000001 696541988586527.1
3.66859 2.43736 1.40729 1.02844 False 0.0540244 0.0145826 0.000787814 0.0 1398 9000000.0 0.0865838 696804345074108.0
3.71038 2.43719 1.42161 0.985708 False 0.0546399 0.0152147 0.00083133 0.0 1398 9000000.0 0.0866363 697226851687543.6
3.75216 2.43691 1.43618 0.943038 False 0.055255 0.0159031 0.000878728 0.0 1398 9000000.0 0.08670920000000001 697813532299343.0
3.79385 2.4365 1.451 0.904862 False 0.0558691 0.0165741 0.000925978 0.0 1398 9000000.0 0.0868025 698564386909505.8
3.83546 2.43596 1.46605 0.868845 False 0.0564819 0.0172611 0.000974941 0.0 1398 9000000.0 0.08691670000000001 699483439390541.1
3.87694 2.43529 1.48134 0.833585 False 0.0570927 0.0179913 0.00102717 0.0 1398 9000000.0 0.08705190000000002 700571494516950.6
3.91823 2.43449 1.49687 0.799111 False 0.0577007 0.0187674 0.00108289 0.0 1398 9000000.0 0.08720870000000001 701833380935745.1
3.95926 2.43353 1.51265 0.766093 False 0.058305 0.0195763 0.00114139 0.0 1398 9000000.0 0.0873872 703269903421426.2
4.00002 2.43243 1.52866 0.736985 False 0.0589051 0.0203495 0.00119869 0.0 1398 9000000.0 0.08758770000000002 704883476297499.8
4.04043 2.43116 1.5449 0.708247 False 0.0595002 0.0211752 0.00125993 0.0 1398 9000000.0 0.08781080000000001 706678928210975.9
4.08043 2.42974 1.56138 0.680336 False 0.0600892 0.0220439 0.0013246 0.0 1398 9000000.0 0.08805660000000001 708657063936356.5
4.11993 2.42814 1.57809 0.653285 False 0.060671 0.0229567 0.0013928 0.0 1398 9000000.0 0.0883255 710821102571648.9
4.15886 2.42636 1.59504 0.627696 False 0.0612442 0.0238925 0.00146328 0.0 1398 9000000.0 0.0886175 713171044116852.9
4.19716 2.4244 1.6122 0.605464 False 0.0618082 0.0247698 0.00153098 0.0 1398 9000000.0 0.08893280000000002 715708498120972.4
4.23476 2.42226 1.62958 0.583694 False 0.062362 0.0256937 0.00160231 0.0 1398 9000000.0 0.0892715 718434269358508.6
4.27156 2.41991 1.64716 0.562537 False 0.0629039 0.02666 0.00167702 0.0 1398 9000000.0 0.0896338 721349967378465.5
4.30744 2.41736 1.66496 0.54233 False 0.0634323 0.0276534 0.00175412 0.0 1398 9000000.0 0.09001950000000002 724453982631839.6
4.34229 2.4146 1.68295 0.523114 False 0.0639455 0.0286692 0.00183326 0.0 1398 9000000.0 0.0904283 727743900795125.2
4.37599 2.41162 1.70113 0.505888 False 0.0644418 0.0296454 0.0019104 0.0 1398 9000000.0 0.0908597 731215697995813.6
4.40849 2.40843 1.71948 0.490701 False 0.0649204 0.0305629 0.00198416 0.0 1398 9000000.0 0.09131310000000001 734864545586894.2
4.43967 2.40501 1.73799 0.475948 False 0.0653796 0.0315102 0.00206013 0.0 1398 9000000.0 0.0917881 738687224470359.8
4.46937 2.40136 1.75664 0.462217 False 0.065817 0.0324464 0.00213552 0.0 1398 9000000.0 0.09228370000000001 742675686901192.5
4.49747 2.39747 1.77542 0.449594 False 0.0662307 0.0333573 0.00220928 0.0 1398 9000000.0 0.0927985 746818666036367.2
4.52382 2.39334 1.79431 0.438122 False 0.0666188 0.0342308 0.00228041 0.0 1398 9000000.0 0.0933308 751102480709354.0
4.54831 2.38898 1.81328 0.427838 False 0.0669794 0.0350536 0.00234787 0.0 1398 9000000.0 0.09387870000000001 755511840204618.8
4.5708 2.38437 1.83232 0.418331 False 0.0673105 0.0358502 0.0024131 0.0 1398 9000000.0 0.0944406 760033868130132.9
4.59115 2.37952 1.8514 0.41058 False 0.0676103 0.036527 0.0024696 0.0 1398 9000000.0 0.09501420000000001 764650054672355.8
4.60932 2.37443 1.87048 0.404473 False 0.0678778 0.0370785 0.00251681 0.0 1398 9000000.0 0.0955967 769337866145237.1
4.6252 2.36911 1.88954 0.399587 False 0.0681117 0.0375319 0.00255636 0.0 1398 9000000.0 0.09618530000000002 774074768862727.4
4.63873 2.36357 1.90854 0.39594 False 0.0683109 0.0378776 0.00258746 0.0 1398 9000000.0 0.09677700000000002 778836619589772.8
4.64983 2.35781 1.92747 0.393194 False 0.0684744 0.0381421 0.00261176 0.0 1398 9000000.0 0.09736890000000001 783600079865821.5
4.65843 2.35184 1.94628 0.391589 False 0.068601 0.0382985 0.00262731 0.0 1398 9000000.0 0.09795780000000001 788339396906817.0
4.66447 2.34566 1.96494 0.391301 False 0.06869 0.0383266 0.00263265 0.0 1398 9000000.0 0.09854020000000001 793026403605196.6
4.66796 2.3393 1.98343 0.392329 False 0.0687413 0.0382263 0.00262772 0.0 1398 9000000.0 0.09911280000000001 797634542402401.6
4.66891 2.33276 2.00172 0.394653 False 0.0687554 0.0380011 0.00261278 0.0 1398 9000000.0 0.09967260000000001 802139670063378.5
4.66737 2.32607 2.01979 0.398051 False 0.0687327 0.0376767 0.00258962 0.0 1398 9000000.0 0.10021700000000001 806520862451080.9
4.66336 2.31922 2.0376 0.402432 False 0.0686737 0.0372665 0.00255923 0.0 1398 9000000.0 0.100743 810753976330455.1
4.65695 2.31224 2.05515 0.408075 False 0.0685793 0.0367512 0.00252037 0.0 1398 9000000.0 0.101249 814826135309473.1
4.64823 2.30513 2.07242 0.414953 False 0.0684509 0.0361421 0.00247396 0.0 1398 9000000.0 0.101733 818721243898099.1
4.63728 2.29791 2.08939 0.423046 False 0.0682895 0.0354506 0.00242091 0.0 1398 9000000.0 0.10219200000000002 822415158861279.6
4.62419 2.29061 2.10606 0.432308 False 0.0680969 0.0346912 0.00236236 0.0 1398 9000000.0 0.10262500000000001 825899832453996.5
4.60909 2.28322 2.12241 0.44234 False 0.0678745 0.0339043 0.00230124 0.0 1398 9000000.0 0.10303100000000001 829167216931232.2
4.59206 2.27575 2.13845 0.453356 False 0.0676236 0.0330806 0.00223703 0.0 1398 9000000.0 0.10341 832217312292986.8
4.57321 2.26823 2.15416 0.465767 False 0.067346 0.032199 0.00216848 0.0 1398 9000000.0 0.103761 835042070794242.4
4.55272 2.26064 2.16956 0.479834 False 0.0670444 0.0312551 0.00209548 0.0 1398 9000000.0 0.10408500000000001 837649540180016.8
4.53072 2.25302 2.18464 0.495019 False 0.0667204 0.0302963 0.00202138 0.0 1398 9000000.0 0.10438100000000002 840031672705292.1
4.5073 2.24536 2.19943 0.511294 False 0.0663755 0.029332 0.00194693 0.0 1398 9000000.0 0.10465 842196516115086.2
4.48257 2.23768 2.21391 0.528428 False 0.0660113 0.0283809 0.00187346 0.0 1398 9000000.0 0.10489200000000001 844144070409399.2
4.45659 2.22998 2.2281 0.546248 False 0.0656288 0.027455 0.00180184 0.0 1398 9000000.0 0.10510700000000002 845874335588231.1
4.42947 2.22226 2.24199 0.565109 False 0.0652294 0.0265387 0.0017311 0.0 1398 9000000.0 0.10529700000000002 847403407141617.2
4.40129 2.21452 2.25559 0.584995 False 0.0648144 0.0256365 0.00166162 0.0 1398 9000000.0 0.10546200000000001 848731285069557.9
4.37214 2.20678 2.26891 0.605901 False 0.0643851 0.024752 0.00159366 0.0 1398 9000000.0 0.10560200000000002 849857969372053.0
4.34209 2.19904 2.28196 0.628875 True 0.0639425 0.0238478 0.00152489 478331000000.0 1398 8500.0 0.10572000000000001 1092931033184731.1
4.3113 2.1913 2.29476 0.653551 True 0.0634891 0.0229473 0.0014569 457424000000.0 1398 8500.0 0.10581700000000002 1093928922164302.2
4.27982 2.18357 2.30732 0.679277 True 0.0630256 0.0220783 0.0013915 437203000000.0 1398 8500.0 0.105893 1094718867811603.6
4.24771 2.17584 2.31963 0.705411 True 0.0625527 0.0212603 0.00132989 418071000000.0 1398 8500.0 0.10595 1095309235662990.6
4.215 2.16813 2.33171 0.732617 True 0.062071 0.0204708 0.00127064 399592000000.0 1398 8500.0 0.105989 1095709586331441.2
4.18174 2.16042 2.34356 0.760895 False 0.0615813 0.01971 0.00121377 0.0 1398 9000000.0 0.10601000000000001 853141449339324.4
4.14799 2.15273 2.35518 0.790536 False 0.0610842 0.018971 0.00115883 0.0 1398 9000000.0 0.10601600000000001 853189735809431.4
4.11382 2.14506 2.3666 0.823514 False 0.0605811 0.0182113 0.00110326 0.0 1398 9000000.0 0.10600700000000002 853117306104271.0
4.07932 2.1374 2.37781 0.85767 True 0.060073 0.017486 0.00105044 330330000000.0 1398 8500.0 0.10598500000000001 1095668953726285.0
4.04451 2.12977 2.38884 0.893012 True 0.0595603 0.016794 0.00100026 314449000000.0 1398 8500.0 0.10595100000000002 1095316406122723.9
4.00942 2.12216 2.39968 0.929547 True 0.0590436 0.0161339 0.000952605 299340000000.0 1398 8500.0 0.10590600000000001 1094849131163427.8
3.97408 2.11457 2.41034 0.96687 True 0.0585231 0.0155111 0.00090776 285099000000.0 1398 8500.0 0.10585000000000001 1094274299308129.9
3.93849 2.10701 2.42082 1.00634 True 0.0579991 0.0149028 0.00086435 271300000000.0 1398 8500.0 0.10578600000000002 1093609836706163.9
3.90275 2.09947 2.43113 1.04915 True 0.0574728 0.0142947 0.000821558 257694000000.0 1398 8500.0 0.105714 1092868889200374.8
