packages/corona-lab/corona_lab-0.1.0.tar.gz/corona_lab-0.1.0/corona_lab/tests/data/example_table.ecsv
# %ECSV 1.0
# ---
# datatype:
# - {name: radius, unit: 6.957e+08 m, datatype: float64}
# - {name: theta, unit: rad, datatype: float64}
# - {name: phi, unit: rad, datatype: float64}
# - {name: Bmag, unit: G, datatype: float64}
# - {name: proms, datatype: bool}
# - {name: ds, unit: 6.957e+08 m, datatype: float64}
# - {name: dA_c, unit: 4.83998e+17 m2, datatype: float64}
# - {name: dV, unit: 3.36718e+26 m3, datatype: float64}
# - {name: Mprom, unit: kg, datatype: float64}
# - {name: line_num, datatype: int64}
# - {name: temperature, unit: K, datatype: float64}
# - {name: pressure, unit: Pa, datatype: float64}
# - {name: ndens, unit: 1 / m3, datatype: float64}
# meta: !!omap
# - Radius: !astropy.units.Quantity
#     unit: &id001 !astropy.units.Unit {unit: m}
#     value: 695700000.0
# - Source Surface Radius: !astropy.units.Quantity
#     unit: *id001
#     value: 6031575196.790503
# - {nrad: 45}
# - Corona Temperature: !astropy.units.Quantity
#     unit: &id002 !astropy.units.Unit {unit: K}
#     value: 9000000.0
# - Prominence Temperature: !astropy.units.Quantity
#     unit: *id002
#     value: 8500.0
# - {Ratio Exponent: 5.0}
# - __serialized_columns__:
#     Bmag:
#       __class__: astropy.units.quantity.Quantity
#       unit: !astropy.units.Unit {unit: G}
#       value: !astropy.table.SerializedColumn {name: Bmag}
#     Mprom:
#       __class__: astropy.units.quantity.Quantity
#       unit: !astropy.units.Unit {unit: kg}
#       value: !astropy.table.SerializedColumn {name: Mprom}
#     dA_c:
#       __class__: astropy.units.quantity.Quantity
#       unit: !astropy.units.Unit {unit: 4.83998e+17 m2}
#       value: !astropy.table.SerializedColumn {name: dA_c}
#     dV:
#       __class__: astropy.units.quantity.Quantity
#       unit: !astropy.units.Unit {unit: 3.36718e+26 m3}
#       value: !astropy.table.SerializedColumn {name: dV}
#     ds:
#       __class__: astropy.units.quantity.Quantity
#       unit: !astropy.units.Unit {unit: 6.957e+08 m}
#       value: !astropy.table.SerializedColumn {name: ds}
#     ndens:
#       __class__: astropy.units.quantity.Quantity
#       unit: !astropy.units.Unit {unit: 1 / m3}
#       value: !astropy.table.SerializedColumn {name: ndens}
#     phi:
#       __class__: astropy.units.quantity.Quantity
#       unit: &id003 !astropy.units.Unit {unit: rad}
#       value: !astropy.table.SerializedColumn {name: phi}
#     pressure:
#       __class__: astropy.units.quantity.Quantity
#       unit: !astropy.units.Unit {unit: Pa}
#       value: !astropy.table.SerializedColumn {name: pressure}
#     radius:
#       __class__: astropy.units.quantity.Quantity
#       unit: !astropy.units.Unit {unit: 6.957e+08 m}
#       value: !astropy.table.SerializedColumn {name: radius}
#     temperature:
#       __class__: astropy.units.quantity.Quantity
#       unit: *id002
#       value: !astropy.table.SerializedColumn {name: temperature}
#     theta:
#       __class__: astropy.units.quantity.Quantity
#       unit: *id003
#       value: !astropy.table.SerializedColumn {name: theta}
# schema: astropy-2.0
radius theta phi Bmag proms ds dA_c dV Mprom line_num temperature pressure ndens
[from data line 868]
1.25022 2.10294 1.23197 29.6073 False 0.0186696 0.001499 2.79856e-05 0.0 5300 9000000.0 0.7326480000000001 5896164291817351.0
1.26778 2.09796 1.23295 28.4249 False 0.0189318 0.00156135 2.95591e-05 0.0 5300 9000000.0 0.721522 5806625080749061.0
1.28558 2.09304 1.23418 27.3081 False 0.0191975 0.0016252 3.11998e-05 0.0 5300 9000000.0 0.710767 5720071583082384.0
1.30363 2.08813 1.23559 26.2583 False 0.0194667 0.00169018 3.29022e-05 0.0 5300 9000000.0 0.70038 5636479655582266.0
1.32191 2.08323 1.2372 25.2285 False 0.0197395 0.00175917 3.47251e-05 0.0 5300 9000000.0 0.6903450000000001 5555720534328421.0
1.34043 2.07836 1.23901 24.2182 False 0.0200159 0.00183256 3.66803e-05 0.0 5300 9000000.0 0.680649 5477689598635617.0
1.3592 2.07351 1.24101 23.2918 False 0.0202957 0.00190544 3.86722e-05 0.0 5300 9000000.0 0.671289 5402362705268802.0
1.3782 2.06865 1.24318 22.385 False 0.020579 0.00198263 4.08005e-05 0.0 5300 9000000.0 0.6622560000000001 5329667424522815.0
1.39744 2.0638 1.24551 21.4887 False 0.0208657 0.00206532 4.30945e-05 0.0 5300 9000000.0 0.653536 5259491087967406.0
1.41691 2.05896 1.24803 20.6213 False 0.0211559 0.00215221 4.55318e-05 0.0 5300 9000000.0 0.645121 5191769313642433.0
1.43661 2.0541 1.2507 19.8069 False 0.0214494 0.00224069 4.80614e-05 0.0 5300 9000000.0 0.6370060000000001 5126461862822806.0
1.45654 2.04923 1.25352 19.0011 False 0.0217462 0.00233572 5.07931e-05 0.0 5300 9000000.0 0.629182 5063496305803365.0
1.4767 2.04433 1.2565 18.2036 False 0.0220464 0.00243804 5.37499e-05 0.0 5300 9000000.0 0.6216380000000001 5002784117388916.0
1.49708 2.03943 1.25965 17.4759 False 0.0223498 0.00253957 5.67587e-05 0.0 5300 9000000.0 0.614369 4944285058854366.0
1.51769 2.03448 1.26292 16.7704 False 0.0226564 0.0026464 5.99578e-05 0.0 5300 9000000.0 0.607367 4887934748239575.0
1.53851 2.0295 1.26633 16.0707 False 0.0229662 0.00276162 6.3424e-05 0.0 5300 9000000.0 0.6006250000000001 4833676851329419.0
1.55954 2.02448 1.2699 15.3913 False 0.0232791 0.00288353 6.7126e-05 0.0 5300 9000000.0 0.5941350000000001 4781446986163754.0
1.58079 2.01942 1.27359 14.7778 False 0.0235951 0.00300323 7.08616e-05 0.0 5300 9000000.0 0.587891 4731196866272472.0
1.60225 2.01431 1.27741 14.1691 False 0.0239141 0.00313226 7.49052e-05 0.0 5300 9000000.0 0.581886 4682870157440450.0
1.62391 2.00914 1.28136 13.5596 False 0.024236 0.00327306 7.93258e-05 0.0 5300 9000000.0 0.5761160000000001 4636434668687617.0
1.64577 2.00393 1.28546 12.9908 False 0.0245608 0.00341636 8.39084e-05 0.0 5300 9000000.0 0.5705730000000001 4591826018053829.0
1.66783 1.99866 1.28968 12.4582 False 0.0248883 0.00356242 8.86627e-05 0.0 5300 9000000.0 0.565252 4549003966813996.0
1.69007 1.99331 1.29403 11.9302 False 0.0252185 0.00372008 9.38149e-05 0.0 5300 9000000.0 0.560149 4507936323988050.0
1.71249 1.9879 1.29851 11.4071 False 0.0255513 0.00389066 9.94115e-05 0.0 5300 9000000.0 0.555257 4468566755360864.0
1.73509 1.98242 1.30313 10.942 False 0.0258866 0.00405606 0.000104997 0.0 5300 9000000.0 0.5505720000000001 4430863069952368.0
1.75786 1.97686 1.30786 10.4907 False 0.0262242 0.00423054 0.000110943 0.0 5300 9000000.0 0.546089 4394785029037471.0
1.78079 1.97122 1.31271 10.0439 False 0.0265641 0.00441874 0.00011738 0.0 5300 9000000.0 0.541803 4360292393891085.5
1.80386 1.9655 1.3177 9.60554 False 0.0269061 0.00462037 0.000124316 0.0 5300 9000000.0 0.537711 4327361021278157.5
1.82709 1.9597 1.32281 9.21857 False 0.02725 0.00481432 0.00013119 0.0 5300 9000000.0 0.533806 4295934576983561.5
1.85044 1.9538 1.32805 8.8359 False 0.0275957 0.00502283 0.000138608 0.0 5300 9000000.0 0.530087 4266005013262281.0
1.87392 1.94781 1.33342 8.45949 False 0.027943 0.00524632 0.000146598 0.0 5300 9000000.0 0.5265480000000001 4237524043644209.5
1.8975 1.94175 1.33893 8.09667 False 0.0282917 0.00548141 0.000155078 0.0 5300 9000000.0 0.523185 4210459477149272.5
1.92118 1.93558 1.34458 7.77593 False 0.0286418 0.00570751 0.000163473 0.0 5300 9000000.0 0.5199940000000001 4184779122797403.0
1.94495 1.92932 1.35034 7.45928 False 0.0289929 0.0059498 0.000172502 0.0 5300 9000000.0 0.516972 4160458837353543.5
1.96879 1.92296 1.35624 7.14693 False 0.0293447 0.00620983 0.000182226 0.0 5300 9000000.0 0.514116 4137474477582644.0
1.99268 1.9165 1.36229 6.84652 False 0.0296971 0.0064823 0.000192506 0.0 5300 9000000.0 0.511421 4115785804759613.0
2.01662 1.90993 1.36846 6.57906 False 0.0300499 0.00674583 0.000202711 0.0 5300 9000000.0 0.508885 4095376723394416.5
2.04057 1.90325 1.37476 6.31451 False 0.0304025 0.00702845 0.000213683 0.0 5300 9000000.0 0.5065040000000001 4076215042506982.0
2.06452 1.89646 1.38119 6.05485 False 0.0307547 0.00732985 0.000225428 0.0 5300 9000000.0 0.5042760000000001 4058284666607274.5
2.08843 1.88955 1.38777 5.80043 False 0.0311062 0.00765136 0.000238005 0.0 5300 9000000.0 0.502197 4041553404715221.5
2.1123 1.88252 1.39449 5.5826 False 0.0314568 0.00794991 0.000250079 0.0 5300 9000000.0 0.5002630000000001 4025989065850754.5
2.13611 1.87536 1.40133 5.36917 False 0.031806 0.00826593 0.000262906 0.0 5300 9000000.0 0.49847 4011559459033799.0
2.15982 1.86807 1.4083 5.16033 False 0.0321533 0.00860045 0.000276533 0.0 5300 9000000.0 0.49681400000000003 3998232393284285.5
2.1834 1.86066 1.41541 4.95397 False 0.032498 0.00895871 0.00029114 0.0 5300 9000000.0 0.49529400000000007 3985999820857196.0
2.20682 1.85311 1.42266 4.76625 False 0.0328401 0.00931156 0.000305793 0.0 5300 9000000.0 0.493906 3974829550772458.5
2.23005 1.84543 1.43005 4.59485 False 0.033179 0.0096589 0.000320473 0.0 5300 9000000.0 0.49264300000000005 3964665248814949.5
2.25306 1.83761 1.43758 4.42834 False 0.0335141 0.0100221 0.000335881 0.0 5300 9000000.0 0.49150400000000005 3955498867239650.0
2.27581 1.82966 1.44525 4.26678 False 0.0338447 0.0104016 0.000352038 0.0 5300 9000000.0 0.49048200000000003 3947274071831435.5
2.29826 1.82157 1.45306 4.11038 False 0.0341703 0.0107974 0.000368949 0.0 5300 9000000.0 0.48957500000000004 3939974767100271.0
2.32037 1.81335 1.46102 3.9727 False 0.0344905 0.0111715 0.000385312 0.0 5300 9000000.0 0.488777 3933552666576049.0
2.34212 1.80498 1.46912 3.84256 False 0.0348046 0.0115499 0.000401989 0.0 5300 9000000.0 0.48808300000000004 3927967531533680.5
2.36344 1.79647 1.47734 3.71757 False 0.0351117 0.0119382 0.000419172 0.0 5300 9000000.0 0.4874880000000001 3923179123248076.5
2.3843 1.78781 1.48571 3.59789 False 0.0354113 0.0123354 0.000436811 0.0 5300 9000000.0 0.48698600000000003 3919139155249129.5
2.40464 1.77901 1.49421 3.48365 False 0.0357024 0.0127399 0.000454844 0.0 5300 9000000.0 0.4865730000000001 3915815436556769.5
2.42441 1.77006 1.50284 3.37839 False 0.0359849 0.0131368 0.000472726 0.0 5300 9000000.0 0.486242 3913151632955869.5
2.44359 1.76097 1.5116 3.28672 False 0.0362577 0.0135032 0.000489594 0.0 5300 9000000.0 0.48598600000000003 3911091410231307.5
2.46212 1.75173 1.52047 3.19953 False 0.03652 0.0138712 0.000506575 0.0 5300 9000000.0 0.48579900000000004 3909586481912974.5
2.47993 1.74235 1.52947 3.11825 False 0.0367711 0.0142327 0.000523352 0.0 5300 9000000.0 0.485675 3908588561530764.5
2.49698 1.73283 1.53858 3.04268 False 0.03701 0.0145862 0.000539836 0.0 5300 9000000.0 0.48560600000000004 3908033267124535.0
2.51321 1.72318 1.54782 2.97287 True 0.0372362 0.0149288 0.000555891 9609490000000.0 5300 8500.0 0.485586 6.022994963834607e+16
2.52857 1.71341 1.55717 2.90794 True 0.0374485 0.0152621 0.000571542 9880490000000.0 5300 8500.0 0.4856080000000001 6.0232578806915e+16
2.54298 1.70352 1.56664 2.84907 True 0.0376466 0.0155774 0.000586438 10139200000000.0 5300 8500.0 0.48566400000000004 6.0239510251324e+16
2.55643 1.69351 1.5762 2.80261 True 0.0378301 0.0158357 0.000599064 10359200000000.0 5300 8500.0 0.485746 6.024978791027527e+16
2.5689 1.68339 1.58584 2.76172 True 0.0379986 0.0160701 0.000610642 10561700000000.0 5300 8500.0 0.48584900000000003 6.026257523013325e+16
2.58034 1.67316 1.59556 2.72641 True 0.0381515 0.0162783 0.000621041 10744100000000.0 5300 8500.0 0.48596500000000004 6.0276916149600136e+16
2.59072 1.66282 1.60534 2.69572 True 0.038288 0.0164636 0.000630359 10908100000000.0 5300 8500.0 0.4860880000000001 6.0292213130364824e+16
2.59999 1.6524 1.61518 2.67023 True 0.0384078 0.0166207 0.000638367 11049500000000.0 5300 8500.0 0.48621300000000006 6.030774912645395e+16
2.60813 1.64189 1.62508 2.651 True 0.0385103 0.0167413 0.000644712 11162100000000.0 5300 8500.0 0.48633300000000007 6.032268758423197e+16
2.61508 1.63132 1.63503 2.63814 True 0.0385953 0.0168229 0.000649287 11243800000000.0 5300 8500.0 0.486445 6.0336430965387736e+16
2.62086 1.62069 1.64501 2.63127 True 0.0386627 0.0168668 0.000652117 11295100000000.0 5300 8500.0 0.48654300000000006 6.0348620746934584e+16
2.62543 1.61001 1.65503 2.62916 True 0.0387122 0.0168804 0.000653476 11320600000000.0 5300 8500.0 0.48662400000000006 6.0358659390561416e+16
2.62879 1.59929 1.66506 2.63308 True 0.038744 0.0168553 0.000653041 11314500000000.0 5300 8500.0 0.486686 6.0366427388605976e+16
2.63095 1.58855 1.67511 2.64306 True 0.0387585 0.0167916 0.000650815 11276800000000.0 5300 8500.0 0.48672600000000005 6.037132720275717e+16
2.63194 1.57779 1.68516 2.659 False 0.0387559 0.0166909 0.000646872 0.0 5300 9000000.0 0.48674400000000007 3917191600954817.0
2.63176 1.56701 1.69519 2.68035 False 0.0387364 0.016558 0.000641397 0.0 5300 9000000.0 0.48673800000000006 3917143314484710.0
2.63044 1.55623 1.70521 2.70683 True 0.0387002 0.016396 0.000634528 10994200000000.0 5300 8500.0 0.48670900000000006 6.036917606483714e+16
2.62798 1.54546 1.7152 2.73916 True 0.0386479 0.0162025 0.000626193 10848700000000.0 5300 8500.0 0.4866580000000001 6.0362842158739256e+16
2.62443 1.53471 1.72515 2.7781 True 0.0385796 0.0159754 0.000616324 10676100000000.0 5300 8500.0 0.486586 6.035399859173467e+16
2.61979 1.52398 1.73507 2.82324 True 0.038496 0.01572 0.000605155 10480700000000.0 5300 8500.0 0.486497 6.034288437914783e+16
2.61411 1.51328 1.74494 2.87335 True 0.0383972 0.0154458 0.000593074 10269300000000.0 5300 8500.0 0.486392 6.032985804396541e+16
2.6074 1.50263 1.75478 2.92909 True 0.0382841 0.0151519 0.000580076 10041800000000.0 5300 8500.0 0.486275 6.0315397616836296e+16
2.59973 1.49203 1.76455 2.99056 True 0.0381575 0.0148404 0.000566273 9800340000000.0 5300 8500.0 0.48615 6.029986162074716e+16
2.59113 1.48148 1.77427 3.05771 True 0.038018 0.0145145 0.000551813 9547530000000.0 5300 8500.0 0.48602000000000006 6.028384759400914e+16
2.58166 1.47099 1.78393 3.13026 True 0.0378662 0.0141781 0.000536872 9286540000000.0 5300 8500.0 0.48589000000000004 6.026771405960888e+16
2.57135 1.46055 1.79353 3.20752 True 0.0377026 0.0138366 0.000521675 9021320000000.0 5300 8500.0 0.48576400000000003 6.025205855585753e+16
2.56023 1.45018 1.80306 3.29036 True 0.0375279 0.0134882 0.000506185 8751340000000.0 5300 8500.0 0.485647 6.0237478621066184e+16
2.54837 1.43988 1.81252 3.37868 True 0.0373427 0.0131356 0.00049052 8478690000000.0 5300 8500.0 0.48554200000000003 6.022457179354599e+16
2.5358 1.42965 1.82191 3.47643 True 0.0371479 0.0127663 0.000474241 8195830000000.0 5300 8500.0 0.485455 6.02136965962836e+16
2.52257 1.41948 1.83123 3.58418 True 0.0369437 0.0123825 0.000457456 7904690000000.0 5300 8500.0 0.48539000000000004 6.020568958291458e+16
2.5087 1.40939 1.84048 3.69753 True 0.0367309 0.0120029 0.000440878 7617640000000.0 5300 8500.0 0.485352 6.020090927642562e+16
2.49425 1.39937 1.84965 3.8171 False 0.03651 0.0116269 0.0004245 0.0 5300 9000000.0 0.485346 3905940853419901.0
2.47925 1.38943 1.85876 3.94286 False 0.0362817 0.0112561 0.000408391 0.0 5300 9000000.0 0.485374 3906166190280400.0
2.46375 1.37957 1.86779 4.07481 False 0.0360465 0.0108916 0.000392604 0.0 5300 9000000.0 0.485442 3906713436941611.5
2.44778 1.36978 1.87675 4.21242 False 0.0358045 0.0105358 0.000377229 0.0 5300 9000000.0 0.485555 3907622832128626.0
2.43135 1.36007 1.88565 4.35574 False 0.0355564 0.0101891 0.000362289 0.0 5300 9000000.0 0.48571600000000004 3908918519076495.5
2.4145 1.35045 1.89448 4.50876 False 0.0353032 0.00984332 0.000347501 0.0 5300 9000000.0 0.48592900000000006 3910632688765291.5
2.3973 1.34089 1.90324 4.67651 False 0.0350456 0.00949024 0.000332591 0.0 5300 9000000.0 0.48619400000000007 3912765341195014.5
2.37981 1.3314 1.91193 4.85119 False 0.0347836 0.00914851 0.000318219 0.0 5300 9000000.0 0.486516 3915356715090753.0
2.36202 1.32196 1.92054 5.03457 False 0.0345172 0.00881529 0.000304279 0.0 5300 9000000.0 0.48690000000000005 3918447049177597.0
2.34393 1.31261 1.9291 5.22549 False 0.0342465 0.00849321 0.000290863 0.0 5300 9000000.0 0.48735100000000003 3922076582180634.5
2.32554 1.30334 1.93759 5.42409 False 0.0339719 0.00818224 0.000277966 0.0 5300 9000000.0 0.48787200000000003 3926269457334920.0
2.3069 1.29416 1.94603 5.63039 False 0.0336942 0.00788244 0.000265593 0.0 5300 9000000.0 0.488467 3931057865620523.5
2.28804 1.28505 1.9544 5.85859 False 0.0334142 0.0075754 0.000253126 0.0 5300 9000000.0 0.48913400000000007 3936425711547411.5
2.26903 1.276 1.96271 6.09833 False 0.0331319 0.0072776 0.00024112 0.0 5300 9000000.0 0.48987600000000003 3942397138350635.5
2.24986 1.26701 1.97097 6.34524 False 0.0328474 0.00699441 0.000229748 0.0 5300 9000000.0 0.490697 3949004337010267.0
2.23054 1.25808 1.97916 6.60121 False 0.0325609 0.00672319 0.000218913 0.0 5300 9000000.0 0.491601 3956279498506378.5
2.21108 1.24923 1.98731 6.86629 False 0.0322727 0.00646363 0.000208599 0.0 5300 9000000.0 0.492591 3964246766074022.5
2.19151 1.24045 1.9954 7.14267 False 0.0319834 0.00621353 0.00019873 0.0 5300 9000000.0 0.493667 3972906139713199.0
2.17187 1.23172 2.00344 7.45041 False 0.0316936 0.00595688 0.000188795 0.0 5300 9000000.0 0.49482800000000005 3982249571678891.0
2.15219 1.22303 2.01143 7.76759 False 0.0314029 0.00571364 0.000179425 0.0 5300 9000000.0 0.496077 3992301205206150.0
2.13245 1.21441 2.01936 8.09811 False 0.0311111 0.00548044 0.000170503 0.0 5300 9000000.0 0.497421 4003117374510103.0
2.11264 1.20585 2.02725 8.44078 False 0.0308185 0.00525795 0.000162042 0.0 5300 9000000.0 0.49886300000000006 4014722222825803.0
2.09276 1.19736 2.03509 8.79508 False 0.0305252 0.00504614 0.000154035 0.0 5300 9000000.0 0.500407 4027147941133320.5
2.07285 1.18894 2.04289 9.18647 False 0.0302322 0.00483115 0.000146056 0.0 5300 9000000.0 0.5020490000000001 4040362338452584.5
2.05295 1.18056 2.05063 9.59876 False 0.0299394 0.00462364 0.000138429 0.0 5300 9000000.0 0.503791 4054381510273630.0
2.03307 1.17223 2.05833 10.0224 False 0.0296465 0.00442818 0.00013128 0.0 5300 9000000.0 0.505636 4069229599831512.0
2.01318 1.16395 2.06599 10.4592 False 0.0293537 0.00424327 0.000124556 0.0 5300 9000000.0 0.5075900000000001 4084954893596337.0
1.9933 1.15574 2.07361 10.9101 False 0.0290613 0.00406791 0.000118219 0.0 5300 9000000.0 0.509656 4101581534803157.0
1.97344 1.14759 2.08119 11.4084 False 0.0287698 0.00389024 0.000111921 0.0 5300 9000000.0 0.5118280000000001 4119061236981867.0
1.95365 1.13946 2.08872 11.9346 False 0.0284793 0.0037187 0.000105906 0.0 5300 9000000.0 0.514109 4137418143367519.5
1.93392 1.13136 2.09621 12.4778 False 0.0281897 0.00355681 0.000100265 0.0 5300 9000000.0 0.516502 4156676397195167.5
1.91425 1.12331 2.10366 13.0348 False 0.0279007 0.00340483 9.49972e-05 0.0 5300 9000000.0 0.5190130000000001 4176884284934919.0
1.89463 1.11531 2.11107 13.608 False 0.0276126 0.00326141 9.00559e-05 0.0 5300 9000000.0 0.521647 4198082045311862.0
1.87506 1.10736 2.11845 14.258 False 0.0273256 0.00311272 8.5057e-05 0.0 5300 9000000.0 0.5244000000000001 4220237487345927.0
1.85557 1.09945 2.12577 14.9342 False 0.0270397 0.00297178 8.03562e-05 0.0 5300 9000000.0 0.527278 4243398897507219.0
1.83616 1.09157 2.13306 15.6316 False 0.0267549 0.0028392 7.59625e-05 0.0 5300 9000000.0 0.5302830000000001 4267582371285774.5
1.81682 1.08374 2.1403 16.3502 False 0.0264711 0.00271441 7.18536e-05 0.0 5300 9000000.0 0.5334220000000001 4292844242896718.5
