packages/corona-lab/corona_lab-0.1.0.tar.gz/corona_lab-0.1.0/corona_lab/tests/data/example_table.ecsv
# %ECSV 1.0
# ---
# datatype:
# - {name: radius, unit: 6.957e+08 m, datatype: float64}
# - {name: theta, unit: rad, datatype: float64}
# - {name: phi, unit: rad, datatype: float64}
# - {name: Bmag, unit: G, datatype: float64}
# - {name: proms, datatype: bool}
# - {name: ds, unit: 6.957e+08 m, datatype: float64}
# - {name: dA_c, unit: 4.83998e+17 m2, datatype: float64}
# - {name: dV, unit: 3.36718e+26 m3, datatype: float64}
# - {name: Mprom, unit: kg, datatype: float64}
# - {name: line_num, datatype: int64}
# - {name: temperature, unit: K, datatype: float64}
# - {name: pressure, unit: Pa, datatype: float64}
# - {name: ndens, unit: 1 / m3, datatype: float64}
# meta: !!omap
# - Radius: !astropy.units.Quantity
#     unit: &id001 !astropy.units.Unit {unit: m}
#     value: 695700000.0
# - Source Surface Radius: !astropy.units.Quantity
#     unit: *id001
#     value: 6031575196.790503
# - {nrad: 45}
# - Corona Temperature: !astropy.units.Quantity
#     unit: &id002 !astropy.units.Unit {unit: K}
#     value: 9000000.0
# - Prominence Temperature: !astropy.units.Quantity
#     unit: *id002
#     value: 8500.0
# - {Ratio Exponent: 5.0}
# - __serialized_columns__:
#     Bmag:
#       __class__: astropy.units.quantity.Quantity
#       unit: !astropy.units.Unit {unit: G}
#       value: !astropy.table.SerializedColumn {name: Bmag}
#     Mprom:
#       __class__: astropy.units.quantity.Quantity
#       unit: !astropy.units.Unit {unit: kg}
#       value: !astropy.table.SerializedColumn {name: Mprom}
#     dA_c:
#       __class__: astropy.units.quantity.Quantity
#       unit: !astropy.units.Unit {unit: 4.83998e+17 m2}
#       value: !astropy.table.SerializedColumn {name: dA_c}
#     dV:
#       __class__: astropy.units.quantity.Quantity
#       unit: !astropy.units.Unit {unit: 3.36718e+26 m3}
#       value: !astropy.table.SerializedColumn {name: dV}
#     ds:
#       __class__: astropy.units.quantity.Quantity
#       unit: !astropy.units.Unit {unit: 6.957e+08 m}
#       value: !astropy.table.SerializedColumn {name: ds}
#     ndens:
#       __class__: astropy.units.quantity.Quantity
#       unit: !astropy.units.Unit {unit: 1 / m3}
#       value: !astropy.table.SerializedColumn {name: ndens}
#     phi:
#       __class__: astropy.units.quantity.Quantity
#       unit: &id003 !astropy.units.Unit {unit: rad}
#       value: !astropy.table.SerializedColumn {name: phi}
#     pressure:
#       __class__: astropy.units.quantity.Quantity
#       unit: !astropy.units.Unit {unit: Pa}
#       value: !astropy.table.SerializedColumn {name: pressure}
#     radius:
#       __class__: astropy.units.quantity.Quantity
#       unit: !astropy.units.Unit {unit: 6.957e+08 m}
#       value: !astropy.table.SerializedColumn {name: radius}
#     temperature:
#       __class__: astropy.units.quantity.Quantity
#       unit: *id002
#       value: !astropy.table.SerializedColumn {name: temperature}
#     theta:
#       __class__: astropy.units.quantity.Quantity
#       unit: *id003
#       value: !astropy.table.SerializedColumn {name: theta}
# schema: astropy-2.0
radius theta phi Bmag proms ds dA_c dV Mprom line_num temperature pressure ndens
[from data line 996]
1.77838 1.0682 2.15465 17.9434 False 0.0259079 0.0024734 6.40806e-05 0.0 5300 9000000.0 0.540101 4346595131870752.5
1.7593 1.06048 2.16175 18.8064 False 0.0256284 0.0023599 6.04805e-05 0.0 5300 9000000.0 0.543644 4375108292468896.0
1.74033 1.05279 2.16881 19.695 False 0.0253503 0.00225343 5.71252e-05 0.0 5300 9000000.0 0.547331 4404780328349606.0
1.72144 1.04514 2.17582 20.6095 False 0.0250737 0.00215343 5.39947e-05 0.0 5300 9000000.0 0.551166 4435643430492954.0
1.70266 1.03753 2.18279 21.6261 False 0.0247991 0.00205221 5.0893e-05 0.0 5300 9000000.0 0.5551440000000001 4467657360173851.0
1.68401 1.02991 2.18969 22.7033 False 0.0245262 0.00195483 4.79447e-05 0.0 5300 9000000.0 0.5592680000000001 4500846260627349.5
1.66548 1.02231 2.19654 23.8047 False 0.0242549 0.00186439 4.52206e-05 0.0 5300 9000000.0 0.5635490000000001 4535298657048646.0
1.64706 1.01475 2.20333 24.9386 False 0.023985 0.00177962 4.26843e-05 0.0 5300 9000000.0 0.567992 4571054788162829.0
1.62873 1.00722 2.21007 26.1438 False 0.023717 0.00169758 4.02615e-05 0.0 5300 9000000.0 0.5726 4608138797204953.0
1.61053 0.999694 2.21673 27.4863 False 0.0234508 0.00161466 3.78652e-05 0.0 5300 9000000.0 0.577372 4646542636430001.0
1.59245 0.992179 2.22332 28.8659 False 0.0231864 0.00153749 3.5649e-05 0.0 5300 9000000.0 0.582315 4686322640053096.0
1.5745 0.984679 2.22983 30.2826 False 0.0229237 0.00146557 3.35962e-05 0.0 5300 9000000.0 0.587435 4727527094544345.0
1.55666 0.9772 2.23627 31.7302 False 0.0226627 0.0013987 3.16984e-05 0.0 5300 9000000.0 0.592744 4770252572843963.0
1.53894 0.96974 2.24262 33.3861 False 0.0224037 0.00132933 2.97819e-05 0.0 5300 9000000.0 0.5982350000000001 4814442740736824.0
1.52135 0.962272 2.24887 35.1014 False 0.0221465 0.00126437 2.80015e-05 0.0 5300 9000000.0 0.6039150000000001 4860153932438054.0
1.50389 0.954806 2.25503 36.8645 False 0.0218912 0.0012039 2.63549e-05 0.0 5300 9000000.0 0.609793 4907458577652812.0
1.48655 0.947347 2.26108 38.6748 False 0.0216378 0.00114755 2.48305e-05 0.0 5300 9000000.0 0.6158760000000001 4956413010596225.0
1.46934 0.939889 2.26702 40.6921 False 0.0213867 0.00109066 2.33256e-05 0.0 5300 9000000.0 0.62216 5006985040288219.0
1.45229 0.932385 2.27282 42.8422 False 0.0211377 0.00103592 2.1897e-05 0.0 5300 9000000.0 0.6286480000000001 5059198809963849.0
1.43538 0.924858 2.27847 45.0463 False 0.0208906 0.000985235 2.05821e-05 0.0 5300 9000000.0 0.6353570000000001 5113191131288417.0
1.4186 0.917326 2.28399 47.319 False 0.0206453 0.000937914 1.93635e-05 0.0 5300 9000000.0 0.6422960000000001 5169034433967085.0
1.40194 0.909796 2.28936 49.8083 False 0.0204023 0.00089104 1.81793e-05 0.0 5300 9000000.0 0.6494650000000001 5226728717999852.0
1.38544 0.902199 2.29452 52.5404 False 0.0201617 0.000844706 1.70307e-05 0.0 5300 9000000.0 0.6568620000000001 5286257887896682.0
1.3691 0.894548 2.29946 55.37 False 0.0199232 0.000801538 1.59692e-05 0.0 5300 9000000.0 0.664498 5347710468852772.0
1.35291 0.886852 2.30418 58.3014 False 0.0196869 0.000761237 1.49864e-05 0.0 5300 9000000.0 0.6723810000000001 5411150842828265.0
1.33686 0.879122 2.3087 61.4717 False 0.0194529 0.000721977 1.40446e-05 0.0 5300 9000000.0 0.68052 5476651439528318.0
1.32097 0.871327 2.31294 65.0387 False 0.0192214 0.000682381 1.31163e-05 0.0 5300 9000000.0 0.688914 5544204211207917.0
1.30525 0.86347 2.3169 68.7742 False 0.0189921 0.000645317 1.22559e-05 0.0 5300 9000000.0 0.6975720000000001 5613881587572222.0
1.28968 0.855566 2.32059 72.6839 False 0.0187652 0.000610605 1.14581e-05 0.0 5300 9000000.0 0.7065060000000001 5685780141561445.0
1.27427 0.847627 2.32405 76.9205 False 0.0185411 0.000576975 1.06978e-05 0.0 5300 9000000.0 0.7157150000000001 5759891825430569.0
1.25906 0.839582 2.32712 81.8448 False 0.0183201 0.00054226 9.93426e-06 0.0 5300 9000000.0 0.72518 5836063732024255.0
1.24405 0.831427 2.32979 87.0658 False 0.0181014 0.000509743 9.22709e-06 0.0 5300 9000000.0 0.7349220000000001 5914464863987878.0
1.2292 0.823231 2.3321 92.6009 False 0.017885 0.000479274 8.57179e-06 0.0 5300 9000000.0 0.744974 5995360796907026.0
1.2145 0.815022 2.33411 98.6494 False 0.0176714 0.000449888 7.95013e-06 0.0 5300 9000000.0 0.7553420000000001 6078799817251806.0
1.19999 0.806735 2.33563 106.052 False 0.0174608 0.000418486 7.3071e-06 0.0 5300 9000000.0 0.7659900000000001 6164492206201576.0
1.18569 0.798367 2.33665 114.07 False 0.0172529 0.000389071 6.71262e-06 0.0 5300 9000000.0 0.776937 6252590870911674.0
1.17158 0.789956 2.33722 122.704 False 0.0170476 0.000361693 6.16601e-06 0.0 5300 9000000.0 0.7882060000000001 6343280909517513.0
1.15764 0.781532 2.33741 132.004 False 0.0168447 0.000336212 5.6634e-06 0.0 5300 9000000.0 0.799837 6436884231819802.0
1.14386 0.773114 2.33708 144.044 False 0.0166444 0.000308109 5.12827e-06 0.0 5300 9000000.0 0.811797 6533135262232954.0
1.13025 0.764705 2.3362 157.16 False 0.016446 0.000282394 4.64427e-06 0.0 5300 9000000.0 0.8241310000000002 6632396149282774.0
1.11679 0.756354 2.33488 171.32 False 0.0162493 0.000259055 4.20947e-06 0.0 5300 9000000.0 0.836882 6735012946005022.0
1.10343 0.748096 2.33322 186.49 False 0.0160548 0.000237981 3.82075e-06 0.0 5300 9000000.0 0.8500910000000002 6841315609945436.0
1.09022 0.7399 2.3311 207.81 False 0.0158627 0.000213566 3.38773e-06 0.0 5300 9000000.0 0.8636800000000001 6950676416992621.0
1.07717 0.731768 2.32846 230.379 False 0.0156714 0.000192644 3.019e-06 0.0 5300 9000000.0 0.8777520000000001 7063924284883414.0
1.06418 0.723821 2.32549 254.006 False 0.0154806 0.000174725 2.70485e-06 0.0 5300 9000000.0 0.8924010000000001 7181815701649490.0
1.05123 0.716086 2.32232 279.057 False 0.0152908 0.00015904 2.43185e-06 0.0 5300 9000000.0 0.9076820000000001 7304793293266830.0
1.03834 0.708548 2.31885 315.917 False 0.0151021 0.000140484 2.12159e-06 0.0 5300 9000000.0 0.9235410000000002 7432422481504472.0
1.02552 0.701208 2.31506 355.905 False 0.0149139 0.000124699 1.85976e-06 0.0 5300 9000000.0 0.940057 7565339038218821.0
1.01275 0.694095 2.3111 398.112 False 0.0147262 0.000111479 1.64167e-06 0.0 5300 9000000.0 0.957299 7704098257816110.0
1.0 0.687223 2.30712 442.395 False 0.0147262 0.00010032 1.47734e-06 0.0 5300 9000000.0 0.9755580000000001 7851042034096526.0
1.0 0.0981748 5.20326 413.622 False 0.0147262 0.000173941 2.56149e-06 0.0 6700 9000000.0 1.7433600000000002 1.4030116754270396e+16
1.01077 0.0913277 5.12637 384.52 False 0.0148848 0.000187105 2.78502e-06 0.0 6700 9000000.0 1.7159200000000001 1.3809286630981356e+16
1.02105 0.0845143 5.03404 357.946 False 0.0150363 0.000200996 3.02223e-06 0.0 6700 9000000.0 1.69077 1.3606885843783128e+16
1.03077 0.0779752 4.92207 333.822 False 0.0151793 0.000215521 3.27146e-06 0.0 6700 9000000.0 1.66796 1.3423316779926606e+16
1.03981 0.0720613 4.78588 312.282 False 0.0153125 0.000230387 3.52779e-06 0.0 6700 9000000.0 1.64752 1.3258820871762322e+16
1.0481 0.0672557 4.62201 293.012 False 0.0154345 0.000245538 3.78977e-06 0.0 6700 9000000.0 1.6295100000000002 1.3113880983991346e+16
1.05556 0.0641557 4.43093 279.617 False 0.0155445 0.000257301 3.99961e-06 0.0 6700 9000000.0 1.6137400000000002 1.298696804506029e+16
1.06222 0.0633536 4.22122 269.04 False 0.0156425 0.000267417 4.18308e-06 0.0 6700 9000000.0 1.6001900000000002 1.28779211000688e+16
1.06799 0.0652049 4.0085 259.956 False 0.0157274 0.000276761 4.35274e-06 0.0 6700 9000000.0 1.58891 1.2787142536267766e+16
1.07278 0.0697106 3.81009 252.457 False 0.015798 0.000284982 4.50215e-06 0.0 6700 9000000.0 1.5799400000000001 1.2714954263457902e+16
1.07654 0.0765451 3.63725 246.654 False 0.0158534 0.000291686 4.62422e-06 0.0 6700 9000000.0 1.57329 1.2661436759089384e+16
1.07923 0.0852352 3.49294 242.936 False 0.015893 0.000296151 4.70671e-06 0.0 6700 9000000.0 1.56899 1.262683145551275e+16
1.08081 0.0953206 3.37482 241.083 False 0.0159163 0.000298427 4.74984e-06 0.0 6700 9000000.0 1.56702 1.261097739782764e+16
1.08128 0.106403 3.27849 240.468 False 0.0159231 0.000299191 4.76404e-06 0.0 6700 9000000.0 1.5673700000000002 1.2613794108583878e+16
1.08063 0.118153 3.19932 241.543 False 0.0159136 0.000297859 4.74e-06 0.0 6700 9000000.0 1.5700200000000002 1.2635120632881106e+16
1.07887 0.130337 3.1337 244.619 False 0.0158877 0.000294114 4.6728e-06 0.0 6700 9000000.0 1.5749700000000002 1.2674956970719326e+16
1.07603 0.142767 3.07877 250.351 False 0.0158458 0.000287379 4.55376e-06 0.0 6700 9000000.0 1.5822200000000002 1.2733303122098536e+16
1.07214 0.155292 3.03233 256.631 False 0.0157886 0.000280347 4.42627e-06 0.0 6700 9000000.0 1.5916800000000002 1.2809434789967134e+16
1.06727 0.167774 2.99239 264.64 False 0.0157169 0.000271863 4.27284e-06 0.0 6700 9000000.0 1.60335 1.2903351974325118e+16
1.06147 0.180114 2.95774 274.357 False 0.0156315 0.000262234 4.0991e-06 0.0 6700 9000000.0 1.61721 1.3014893720272132e+16
1.05479 0.192229 2.92744 286.789 False 0.015533 0.000250866 3.89671e-06 0.0 6700 9000000.0 1.63328 1.3144220982708534e+16
1.04729 0.20405 2.90069 301.73 False 0.0154226 0.000238444 3.67742e-06 0.0 6700 9000000.0 1.6514700000000002 1.329060946458272e+16
1.03906 0.215503 2.87663 320.698 False 0.0153014 0.000224341 3.43274e-06 0.0 6700 9000000.0 1.6718000000000002 1.3454220120795044e+16
1.03015 0.226534 2.85484 342.495 False 0.0151702 0.000210063 3.18671e-06 0.0 6700 9000000.0 1.6943000000000001 1.3635294383696042e+16
1.02062 0.237101 2.83501 367.437 False 0.0150299 0.000195804 2.94291e-06 0.0 6700 9000000.0 1.7189800000000002 1.3833912730735892e+16
1.01054 0.247173 2.81685 394.827 False 0.0148814 0.000182221 2.7117e-06 0.0 6700 9000000.0 1.7457900000000002 1.4049672774663702e+16
1.00002 0.256765 2.79999 421.358 False 0.0147265 0.000170747 2.51451e-06 0.0 6700 9000000.0 1.7745900000000001 1.428144783117698e+16
1.0 0.256783 2.79996 421.414 False 2.92443e-05 0.000170725 4.99271e-09 0.0 6700 9000000.0 1.77465 1.4281930695878048e+16
