packages/corona-lab/corona_lab-0.1.0.tar.gz/corona_lab-0.1.0/corona_lab/tests/data/example_table.ecsv
# %ECSV 1.0
# ---
# datatype:
# - {name: radius, unit: 6.957e+08 m, datatype: float64}
# - {name: theta, unit: rad, datatype: float64}
# - {name: phi, unit: rad, datatype: float64}
# - {name: Bmag, unit: G, datatype: float64}
# - {name: proms, datatype: bool}
# - {name: ds, unit: 6.957e+08 m, datatype: float64}
# - {name: dA_c, unit: 4.83998e+17 m2, datatype: float64}
# - {name: dV, unit: 3.36718e+26 m3, datatype: float64}
# - {name: Mprom, unit: kg, datatype: float64}
# - {name: line_num, datatype: int64}
# - {name: temperature, unit: K, datatype: float64}
# - {name: pressure, unit: Pa, datatype: float64}
# - {name: ndens, unit: 1 / m3, datatype: float64}
# meta: !!omap
# - Radius: !astropy.units.Quantity
#     unit: &id001 !astropy.units.Unit {unit: m}
#     value: 695700000.0
# - Source Surface Radius: !astropy.units.Quantity
#     unit: *id001
#     value: 6031575196.790503
# - {nrad: 45}
# - Corona Temperature: !astropy.units.Quantity
#     unit: &id002 !astropy.units.Unit {unit: K}
#     value: 9000000.0
# - Prominence Temperature: !astropy.units.Quantity
#     unit: *id002
#     value: 8500.0
# - {Ratio Exponent: 5.0}
# - __serialized_columns__:
#     Bmag:
#       __class__: astropy.units.quantity.Quantity
#       unit: !astropy.units.Unit {unit: G}
#       value: !astropy.table.SerializedColumn {name: Bmag}
#     Mprom:
#       __class__: astropy.units.quantity.Quantity
#       unit: !astropy.units.Unit {unit: kg}
#       value: !astropy.table.SerializedColumn {name: Mprom}
#     dA_c:
#       __class__: astropy.units.quantity.Quantity
#       unit: !astropy.units.Unit {unit: 4.83998e+17 m2}
#       value: !astropy.table.SerializedColumn {name: dA_c}
#     dV:
#       __class__: astropy.units.quantity.Quantity
#       unit: !astropy.units.Unit {unit: 3.36718e+26 m3}
#       value: !astropy.table.SerializedColumn {name: dV}
#     ds:
#       __class__: astropy.units.quantity.Quantity
#       unit: !astropy.units.Unit {unit: 6.957e+08 m}
#       value: !astropy.table.SerializedColumn {name: ds}
#     ndens:
#       __class__: astropy.units.quantity.Quantity
#       unit: !astropy.units.Unit {unit: 1 / m3}
#       value: !astropy.table.SerializedColumn {name: ndens}
#     phi:
#       __class__: astropy.units.quantity.Quantity
#       unit: &id003 !astropy.units.Unit {unit: rad}
#       value: !astropy.table.SerializedColumn {name: phi}
#     pressure:
#       __class__: astropy.units.quantity.Quantity
#       unit: !astropy.units.Unit {unit: Pa}
#       value: !astropy.table.SerializedColumn {name: pressure}
#     radius:
#       __class__: astropy.units.quantity.Quantity
#       unit: !astropy.units.Unit {unit: 6.957e+08 m}
#       value: !astropy.table.SerializedColumn {name: radius}
#     temperature:
#       __class__: astropy.units.quantity.Quantity
#       unit: *id002
#       value: !astropy.table.SerializedColumn {name: temperature}
#     theta:
#       __class__: astropy.units.quantity.Quantity
#       unit: *id003
#       value: !astropy.table.SerializedColumn {name: theta}
# schema: astropy-2.0
radius theta phi Bmag proms ds dA_c dV Mprom line_num temperature pressure ndens
[from data line 479]
1.00302 2.95961 3.71168 29.6971 False 0.0147707 0.000561343 8.29141e-06 0.0 10 9000000.0 0.011701 94166664453536.78
1.00371 2.94777 3.66506 31.4184 False 0.0147808 0.000530589 7.84255e-06 0.0 10 9000000.0 0.0116947 94115963659924.5
1.00393 2.93562 3.62317 33.5624 False 0.0147841 0.000496694 7.3432e-06 0.0 10 9000000.0 0.0116967 94132059149960.16
1.00369 2.92312 3.58617 35.9411 False 0.0147806 0.000463821 6.85554e-06 0.0 10 9000000.0 0.0117076 94219779570654.4
1.00293 2.91038 3.55323 37.8977 False 0.0147694 0.000439875 6.49667e-06 0.0 10 9000000.0 0.0117284 94387172667025.11
1.00161 2.89744 3.52382 39.96 False 0.0147499 0.000417173 6.15327e-06 0.0 10 9000000.0 0.011759700000000001 94639067086082.95
1.0 2.88688 3.50283 41.8763 False 0.0118641 0.000398082 4.7229e-06 0.0 10 9000000.0 0.011794200000000001 94916714289197.81
1.0 2.84593 6.09534 57.5189 False 0.00743857 0.000565079 4.20338e-06 0.0 882 9000000.0 0.049465600000000005 398086535953582.56
1.00612 2.84869 6.08436 55.941 False 0.0149901 0.000581018 8.70952e-06 0.0 882 9000000.0 0.0485712 390888632809642.4
1.01792 2.85456 6.05989 52.4689 False 0.0151571 0.000619466 9.38931e-06 0.0 882 9000000.0 0.04774300000000001 384223490385882.1
1.02926 2.86074 6.03264 49.1429 False 0.015316 0.000661391 1.01299e-05 0.0 882 9000000.0 0.046979900000000005 378082256162782.06
1.04005 2.86715 6.00228 45.8492 False 0.015466 0.000708905 1.09639e-05 0.0 882 9000000.0 0.0462828 372472173110858.2
1.05023 2.87369 5.96864 42.783 False 0.0156073 0.000759711 1.1857e-05 0.0 882 9000000.0 0.0456482 367365074122548.3
1.05983 2.88027 5.93181 41.0376 False 0.0157396 0.000792023 1.24661e-05 0.0 882 9000000.0 0.045068500000000004 362699796335716.8
1.06881 2.88679 5.89167 39.2265 False 0.0158623 0.00082859 1.31434e-05 0.0 882 9000000.0 0.044543900000000004 358477949299367.3
1.07715 2.89315 5.84809 37.5807 False 0.0159752 0.000864877 1.38165e-05 0.0 882 9000000.0 0.04407180000000001 354678608876453.56
1.08481 2.89925 5.80097 35.7709 False 0.0160781 0.000908637 1.46092e-05 0.0 882 9000000.0 0.04365 351284070027936.1
1.0918 2.90497 5.75032 34.1102 False 0.0161713 0.000952873 1.54092e-05 0.0 882 9000000.0 0.0432749 348265360871751.0
1.09813 2.91022 5.69623 32.4319 False 0.0162548 0.00100218 1.62903e-05 0.0 882 9000000.0 0.0429437 345599947721848.3
1.1038 2.91491 5.63886 31.0076 False 0.0163282 0.00104822 1.71155e-05 0.0 882 9000000.0 0.0426542 343270125539188.9
1.10879 2.91894 5.57839 29.8311 False 0.0163909 0.00108956 1.78589e-05 0.0 882 9000000.0 0.0424074 341283942068790.3
1.11304 2.92223 5.5151 28.7419 False 0.0164433 0.00113085 1.85948e-05 0.0 882 9000000.0 0.0422016 339627716144122.5
1.1166 2.92468 5.44947 27.7416 False 0.0164854 0.00117163 1.93147e-05 0.0 882 9000000.0 0.042036300000000006 338297423892676.56
1.11946 2.92625 5.38209 26.6755 False 0.0165172 0.00121845 2.01254e-05 0.0 882 9000000.0 0.0419071 337257655236373.94
1.12162 2.92687 5.3136 25.6981 False 0.0165401 0.00126479 2.09197e-05 0.0 882 9000000.0 0.041812600000000005 336497143332189.75
1.12317 2.92652 5.24475 24.7813 False 0.0165545 0.00131158 2.17126e-05 0.0 882 9000000.0 0.041751300000000005 336003816562597.25
1.12415 2.92522 5.17625 23.8417 False 0.016561 0.00136327 2.25771e-05 0.0 882 9000000.0 0.0417179 335735021879002.0
1.12459 2.92294 5.10878 22.9455 True 0.0165611 0.00141652 2.34591e-05 599392000000.0 882 8500.0 0.041708800000000004 8.902269168267176e+16
1.1246 2.91975 5.04291 22.092 True 0.0165566 0.00147124 2.43587e-05 622562000000.0 882 8500.0 0.0417213 8.904934189134774e+16
1.12429 2.91569 4.97913 21.2444 True 0.0165483 0.00152994 2.53179e-05 647495000000.0 882 8500.0 0.04174810000000001 8.910658606155309e+16
1.12373 2.91078 4.91779 20.4495 True 0.0165392 0.00158941 2.62877e-05 672853000000.0 882 8500.0 0.0417828 8.91805613044698e+16
1.12312 2.90513 4.85909 19.6878 True 0.0165312 0.0016509 2.72915e-05 699182000000.0 882 8500.0 0.0418207 8.926158749945773e+16
1.12257 2.89877 4.80314 19.0384 True 0.0165266 0.00170722 2.82146e-05 723327000000.0 882 8500.0 0.041849300000000006 8.932265591485422e+16
1.12226 2.89179 4.74994 18.4986 False 0.016528 0.00175704 2.90403e-05 0.0 882 9000000.0 0.041863700000000004 336908383102600.44
1.12235 2.88434 4.69928 18.1898 False 0.0165368 0.00178687 2.9549e-05 0.0 882 9000000.0 0.041854600000000006 336835148622938.3
1.12295 2.87645 4.65112 18.0426 True 0.0165539 0.00180144 2.98209e-05 763957000000.0 882 8500.0 0.041819300000000004 8.92584803002399e+16
1.12411 2.86823 4.60531 18.1705 True 0.0165793 0.00178876 2.96565e-05 758592000000.0 882 8500.0 0.0417558 8.912295861127778e+16
1.12584 2.85972 4.56174 18.4373 False 0.0166118 0.00176288 2.92847e-05 0.0 882 9000000.0 0.0416661 335318148687078.75
1.12804 2.85098 4.52028 18.9728 False 0.0166497 0.00171312 2.85229e-05 0.0 882 9000000.0 0.04155710000000001 334440944480136.2
1.13061 2.84203 4.48074 19.6649 False 0.0166896 0.00165283 2.75851e-05 0.0 882 9000000.0 0.041436600000000004 333471191205488.6
1.13333 2.83292 4.44287 20.5332 False 0.0167286 0.00158294 2.64804e-05 0.0 882 9000000.0 0.04131630000000001 332503047479844.6
1.13598 2.8236 4.40658 21.4732 False 0.0167656 0.00151364 2.53772e-05 0.0 882 9000000.0 0.0412025 331587214096816.44
1.13849 2.81408 4.37179 22.4488 False 0.0167991 0.00144786 2.43228e-05 0.0 882 9000000.0 0.041098100000000005 330747029516955.9
1.14076 2.80433 4.33846 23.4406 False 0.0168276 0.0013866 2.33332e-05 0.0 882 9000000.0 0.0410103 330040437504391.0
1.1427 2.79434 4.30657 24.4762 False 0.0168486 0.00132793 2.23737e-05 0.0 882 9000000.0 0.040943400000000005 329502043362698.75
1.14412 2.78414 4.27596 25.5807 False 0.0168612 0.0012706 2.14238e-05 0.0 882 9000000.0 0.0409027 329174500140473.4
1.14498 2.77375 4.24661 26.6687 False 0.016865 0.00121876 2.05543e-05 0.0 882 9000000.0 0.040891300000000005 329082755847270.25
1.14524 2.76314 4.2186 27.8351 False 0.0168601 0.00116769 1.96874e-05 0.0 882 9000000.0 0.0409086 329221981836078.56
1.14491 2.75233 4.1919 29.116 False 0.0168466 0.00111632 1.88061e-05 0.0 882 9000000.0 0.04095340000000001 329582520812877.0
1.14399 2.74137 4.16646 30.3784 False 0.0168222 0.00106993 1.79986e-05 0.0 882 9000000.0 0.04103060000000001 330203806728252.9
1.14233 2.73029 4.1422 31.6138 False 0.0167873 0.00102812 1.72593e-05 0.0 882 9000000.0 0.0411433 331110787591761.4
1.13996 2.71912 4.11914 33.0328 False 0.016742 0.000983954 1.64734e-05 0.0 882 9000000.0 0.041290900000000005 332298634756391.94
1.13689 2.70787 4.09727 34.6499 False 0.0166869 0.000938031 1.56528e-05 0.0 882 9000000.0 0.041473 333764129124137.4
1.13314 2.69657 4.07658 36.3733 False 0.0166211 0.000893588 1.48524e-05 0.0 882 9000000.0 0.0416907 335516123214517.2
1.12868 2.68529 4.05693 37.8205 False 0.0165448 0.000859393 1.42185e-05 0.0 882 9000000.0 0.0419469 337577955488083.25
1.1235 2.67409 4.03828 39.456 False 0.0164583 0.00082377 1.35578e-05 0.0 882 9000000.0 0.04224220000000001 339954454591846.2
1.11762 2.66297 4.02065 41.315 False 0.0163618 0.000786706 1.28719e-05 0.0 882 9000000.0 0.0425774 342652058721820.1
1.11106 2.65197 4.00403 43.4061 False 0.016256 0.000748804 1.21725e-05 0.0 882 9000000.0 0.042953000000000005 345674791750514.1
1.10388 2.64113 3.98829 45.1385 False 0.016141 0.000720067 1.16226e-05 0.0 882 9000000.0 0.04336810000000001 349015410707412.1
1.09607 2.63052 3.97337 47.6808 False 0.0160164 0.000681673 1.09179e-05 0.0 882 9000000.0 0.0438282 352718178190112.0
1.08761 2.62015 3.9594 50.3378 False 0.0158824 0.000645692 1.02551e-05 0.0 882 9000000.0 0.04433550000000001 356800799237653.25
1.07851 2.61007 3.94637 53.234 False 0.0157392 0.000610563 9.6098e-06 0.0 882 9000000.0 0.0448925 361283393212580.1
1.06879 2.60034 3.93428 56.2612 False 0.0155889 0.000577711 9.00588e-06 0.0 882 9000000.0 0.04550010000000001 366173203085408.9
1.05858 2.59098 3.92288 58.5758 False 0.0154326 0.000554883 8.56329e-06 0.0 882 9000000.0 0.046152500000000006 371423551935036.06
1.04797 2.58202 3.91202 61.397 False 0.0152677 0.000529386 8.08247e-06 0.0 882 9000000.0 0.04685520000000001 377078702359059.7
1.03677 2.57361 3.90207 65.9514 False 0.0150939 0.000492828 7.43871e-06 0.0 882 9000000.0 0.047624700000000006 383271442150273.8
1.02497 2.56587 3.89311 70.7342 False 0.0149129 0.000459505 6.85257e-06 0.0 882 9000000.0 0.048460600000000006 389998552210671.3
1.01268 2.55884 3.88509 75.7902 False 0.0147262 0.000428851 6.31535e-06 0.0 882 9000000.0 0.0493619 397251984795234.4
1.0 2.55254 3.87791 81.1462 False 0.0147262 0.000400545 5.89852e-06 0.0 882 9000000.0 0.05033970000000001 405121069873660.9
1.0 2.40528 2.50347 64.3997 False 0.0147262 0.00214299 3.15581e-05 0.0 1200 9000000.0 0.0818534 658735292041802.2
1.00821 2.40446 2.52154 65.2676 False 0.0148472 0.00211449 3.13942e-05 0.0 1200 9000000.0 0.08090620000000001 651112467960921.1
1.01588 2.40314 2.54012 66.1019 False 0.01496 0.0020878 3.12336e-05 0.0 1200 9000000.0 0.0800493 644216355255149.2
1.02301 2.40137 2.55908 66.8174 False 0.015065 0.00206545 3.11159e-05 0.0 1200 9000000.0 0.0792774 638004300875892.4
1.02957 2.39915 2.57837 67.4019 False 0.0151616 0.00204753 3.1044e-05 0.0 1200 9000000.0 0.07858770000000001 632453771137100.5
1.03557 2.39653 2.59791 67.959 False 0.01525 0.00203075 3.09689e-05 0.0 1200 9000000.0 0.07797420000000001 627516479568666.6
1.04094 2.3935 2.61765 67.9127 False 0.0153291 0.00203213 3.11507e-05 0.0 1200 9000000.0 0.0774533 623324409188883.0
1.04553 2.39003 2.63758 67.9988 False 0.0153966 0.00202956 3.12485e-05 0.0 1200 9000000.0 0.07702310000000001 619862269282216.0
1.04936 2.38615 2.6576 68.3227 False 0.0154531 0.00201994 3.12143e-05 0.0 1200 9000000.0 0.07667760000000001 617081773378558.5
1.05246 2.38191 2.67763 69.0366 False 0.0154987 0.00199905 3.09827e-05 0.0 1200 9000000.0 0.0764103 614930611135294.5
1.05486 2.37737 2.69763 70.1058 False 0.0155341 0.00196857 3.05798e-05 0.0 1200 9000000.0 0.076216 613366934278331.8
1.05654 2.37252 2.71752 70.6902 False 0.0155588 0.00195229 3.03753e-05 0.0 1200 9000000.0 0.0761025 612453515218808.9
1.05743 2.36734 2.73724 71.5879 False 0.015572 0.00192781 3.00198e-05 0.0 1200 9000000.0 0.0760686 612180696662704.8
1.05756 2.36188 2.75674 72.8364 False 0.0155739 0.00189476 2.95089e-05 0.0 1200 9000000.0 0.0761122 612531578345481.8
1.05694 2.35616 2.77597 74.4073 False 0.0155647 0.00185476 2.88689e-05 0.0 1200 9000000.0 0.0762313 613490064777104.4
1.0556 2.35022 2.7949 76.2954 False 0.015545 0.00180886 2.81187e-05 0.0 1200 9000000.0 0.0764224 615027988850010.1
1.05357 2.34408 2.81348 77.8497 False 0.0155151 0.00177275 2.75043e-05 0.0 1200 9000000.0 0.07668380000000001 617131669397669.0
1.05088 2.3377 2.83165 79.6528 False 0.0154755 0.00173262 2.6813e-05 0.0 1200 9000000.0 0.0770149 619796277773069.8
1.04754 2.33114 2.84941 82.0876 False 0.0154263 0.00168123 2.59351e-05 0.0 1200 9000000.0 0.0774167 623029861721230.8
1.04358 2.32447 2.86674 84.8569 False 0.0153679 0.00162636 2.49938e-05 0.0 1200 9000000.0 0.07788800000000001 626822763948130.4
1.03901 2.31772 2.88365 88.0049 False 0.0153006 0.00156818 2.39942e-05 0.0 1200 9000000.0 0.0784301 631185446522291.8
1.03385 2.31094 2.90012 91.4044 False 0.0152247 0.00150986 2.29871e-05 0.0 1200 9000000.0 0.079042 636109861698697.0
1.02818 2.30409 2.91615 94.6306 False 0.0151413 0.00145839 2.20818e-05 0.0 1200 9000000.0 0.0797153 641528408419196.8
1.0221 2.29717 2.93174 97.9696 False 0.0150517 0.00140868 2.1203e-05 0.0 1200 9000000.0 0.0804479 647424186419253.2
1.01563 2.2902 2.94691 101.552 False 0.0149564 0.00135899 2.03255e-05 0.0 1200 9000000.0 0.08123920000000001 653792367051855.9
1.00883 2.28323 2.9617 105.432 False 0.0148562 0.00130897 1.94464e-05 0.0 1200 9000000.0 0.08208320000000001 660584663846897.8
1.00175 2.27627 2.97615 109.528 False 0.014752 0.00126002 1.85878e-05 0.0 1200 9000000.0 0.0829793 667796248157368.1
1.0 2.27462 2.97954 110.559 False 0.0035015 0.00124827 4.37082e-06 0.0 1200 9000000.0 0.0831963 669542608826235.5
1.0 2.30711 0.736311 52.1026 False 0.0147262 0.000287841 4.23881e-06 0.0 1398 9000000.0 0.21485100000000001 1729066064824103.2
1.00971 2.30839 0.75109 46.9003 False 0.0148692 0.000319769 4.75471e-06 0.0 1398 9000000.0 0.21165400000000004 1703337424002126.0
1.02048 2.30962 0.764651 43.2699 False 0.0150278 0.000346597 5.20859e-06 0.0 1398 9000000.0 0.208241 1675870470256298.8
1.03238 2.31082 0.776642 41.3642 False 0.015203 0.000362566 5.51211e-06 0.0 1398 9000000.0 0.20464000000000002 1646890540447121.5
1.04536 2.31205 0.786822 41.1973 False 0.0153943 0.000364035 5.60406e-06 0.0 1398 9000000.0 0.20091200000000004 1616888547020680.8
1.05924 2.31333 0.795242 41.0071 False 0.0155986 0.000365723 5.70477e-06 0.0 1398 9000000.0 0.19717700000000002 1586830219379114.8
1.07363 2.31459 0.80273 40.4613 False 0.0158104 0.000370657 5.86025e-06 0.0 1398 9000000.0 0.19349000000000002 1557158183498404.8
1.08847 2.31584 0.809342 40.283 False 0.0160291 0.000372298 5.9676e-06 0.0 1398 9000000.0 0.18986900000000004 1528017298788870.8
1.10374 2.31712 0.815151 40.3576 False 0.0162539 0.00037161 6.04012e-06 0.0 1398 9000000.0 0.186326 1499504138190726.8
1.11935 2.31842 0.820408 39.4292 False 0.0164839 0.000380359 6.26979e-06 0.0 1398 9000000.0 0.18288400000000002 1471803799839383.0
1.13527 2.31971 0.825289 38.605 False 0.0167182 0.000388479 6.49469e-06 0.0 1398 9000000.0 0.179541 1444900188244803.5
1.15149 2.32102 0.829815 37.8724 False 0.016957 0.000395994 6.71489e-06 0.0 1398 9000000.0 0.176296 1418785255661970.8
1.16799 2.32235 0.834015 36.9264 False 0.0172001 0.000406139 6.98563e-06 0.0 1398 9000000.0 0.17315200000000003 1393483145325938.2
1.18477 2.32368 0.838028 35.8585 False 0.0174472 0.000418234 7.29701e-06 0.0 1398 9000000.0 0.170105 1368961666256634.0
1.20182 2.32503 0.841841 34.8089 False 0.0176983 0.000430845 7.62524e-06 0.0 1398 9000000.0 0.16715400000000002 1345212770709041.0
1.21915 2.3264 0.845465 33.7494 False 0.0179535 0.000444372 7.97802e-06 0.0 1398 9000000.0 0.164296 1322212315448105.2
1.23675 2.32778 0.848959 32.576 False 0.0182127 0.000460378 8.38471e-06 0.0 1398 9000000.0 0.161529 1299944204983791.2
1.25462 2.32917 0.852355 31.409 False 0.0184758 0.000477482 8.82185e-06 0.0 1398 9000000.0 0.15885000000000002 1278384296081046.0
1.27276 2.33057 0.85566 30.2481 False 0.0187429 0.000495809 9.2929e-06 0.0 1398 9000000.0 0.156256 1257508445504815.2
1.29117 2.33199 0.858886 29.1099 False 0.019014 0.000515195 9.79594e-06 0.0 1398 9000000.0 0.15374500000000002 1237300557765064.0
1.30985 2.33343 0.862074 27.9839 False 0.0192892 0.000535924 1.03375e-05 0.0 1398 9000000.0 0.151314 1217736489626738.2
1.32881 2.33487 0.865226 26.8626 False 0.0195684 0.000558294 1.09249e-05 0.0 1398 9000000.0 0.148961 1198800145599802.8
1.34805 2.33633 0.868348 25.7711 False 0.0198516 0.000581942 1.15525e-05 0.0 1398 9000000.0 0.146682 1180459334704186.2
1.36756 2.33781 0.871462 24.7459 False 0.020139 0.00060605 1.22052e-05 0.0 1398 9000000.0 0.14447500000000002 1162697961449852.8
1.38736 2.33929 0.874579 23.7244 False 0.0204305 0.000632145 1.2915e-05 0.0 1398 9000000.0 0.142338 1145499930346766.8
1.40744 2.34079 0.877702 22.7064 False 0.0207262 0.000660485 1.36893e-05 0.0 1398 9000000.0 0.140268 1128841098159875.0
1.4278 2.3423 0.880843 21.7848 False 0.0210261 0.000688428 1.4475e-05 0.0 1398 9000000.0 0.138264 1112713417144159.4
1.44846 2.34382 0.884012 20.8797 False 0.0213303 0.000718271 1.53209e-05 0.0 1398 9000000.0 0.13632200000000003 1097084696319549.0
1.4694 2.34535 0.887216 19.9777 False 0.0216388 0.000750701 1.62443e-05 0.0 1398 9000000.0 0.134441 1081946887941025.4
1.49065 2.3469 0.890459 19.1267 False 0.0219516 0.000784101 1.72123e-05 0.0 1398 9000000.0 0.13261900000000001 1067283896518553.6
1.51219 2.34845 0.893751 18.3362 False 0.0222688 0.000817905 1.82138e-05 0.0 1398 9000000.0 0.130853 1053071578817079.5
1.53403 2.35002 0.897097 17.5478 False 0.0225904 0.000854652 1.9307e-05 0.0 1398 9000000.0 0.129143 1039309934836603.8
