readqv,count,Q0,Q1,Q2,Q3,Q4,Q5,Q6,Q7,Q8,Q9,Q10,Q11,Q12,Q13,Q14,Q15,Q16,Q17,Q18,Q19,Q20,Q21,Q22,Q23,Q24,Q25,Q26,Q27,Q28,Q29,Q30,Q31,Q32,Q33,Q34,Q35,Q36,Q37,Q38,Q39,Q40,Q41,Q42,Q43,Q44,Q45,Q46,Q47,Q48,Q49,Q50,Q51,Q52,Q53,Q54,Q55,Q56,Q57,Q58,Q59,Q60,Q61,Q62,Q63,Q64,Q65,Q66,Q67,Q68,Q69,Q70,Q71,Q72,Q73,Q74,Q75,Q76,Q77,Q78,Q79,Q80,Q81,Q82,Q83,Q84,Q85,Q86,Q87,Q88,Q89,Q90,Q91,Q92,Q93,A1,A2,A3,A4,A5,A6,A7,A8,A9,A10,A11,A12,A13,A14,A15,A16,A17,A18,A19,A20,A21,A22,A23,A24,A25,A26,A27,A28,A29,A30,A31,A32,A33,A34,A35,A36,A37,A38,A39,A40,A41,A42,A43,A44,A45,A46,A47,A48,A49,A50,A51,A52,A53,A54,A55,A56,A57,A58,A59,A60,A61,A62,A63,A64,A65,A66,A67,A68,A69,A70,A71,A72,A73,A74,A75,A76,A77,A78,A79,A80,A81,A82,A83,A84,A85,A86,A87,A88,A89,A90,A91,A92,A93,A94,A95,A96,A97,A98,A99,A100
1,16,0,8,135,0,0,0,0,0,0,0,0,0,0,0,0,0,0,0,0,0,0,0,0,0,0,0,0,0,0,0,0,0,0,0,0,0,0,0,0,0,0,0,0,0,0,0,0,0,0,0,0,0,0,0,0,0,0,0,0,0,0,0,0,0,0,0,0,0,0,0,0,0,0,0,0,0,0,0,0,0,0,0,0,0,0,0,0,0,0,0,0,0,0,0,0|0,0|0,0|0,0|0,0|0,0|0,0|0,0|0,0|0,0|0,0|0,0|0,0|0,0|0,0|0,0|0,0|0,0|0,0|0,0|0,0|0,0|0,0|0,0|0,0|0,0|0,0|0,0|0,0|0,0|0,0|0,0|0,0|0,0|0,0|0,0|0,0|0,0|0,0|0,0|0,0|0,0|0,0|0,0|0,0|0,0|0,0|0,0|0,0|0,0|0,0|0,0|0,0|0,0|0,0|0,0|0,0|0,0|0,0|0,0|0,0|0,0|0,0|0,0|0,0|0,0|0,0|0,0|0,0|0,0|0,0|0,0|0,0|0,0|0,0|0,0|0,0|0,0|0,0|0,0|0,0|0,0|0,0|0,0|0,0|0,0|0,0|0,0|0,0|0,0|0,0|0,0|0,0|0,0|0,0|0,0|0,0|0,0|0,0|0,0|0
2,85,0,18,961,911,224,66,19,3,0,0,0,0,0,0,0,0,0,0,0,0,0,0,0,0,0,0,0,0,0,0,0,0,0,0,0,0,0,0,0,0,0,0,0,0,0,0,0,0,0,0,0,0,0,0,0,0,0,0,0,0,0,0,0,0,0,0,0,0,0,0,0,0,0,0,0,0,0,0,0,0,0,0,0,0,0,0,0,0,0,0,0,0,0,0,357.4619388513388|523,247.67819144052044|519,162.84412461176447|515,101.52064556901892|511,78.02434833285159|507,59.82395653303402|503,50.085070086788896|499,47.82158403902841|495,34.984972461773644|491,44.407036799676916|487,46.85464626799198|483,67.92967996512871|479,77.56090214983391|475,79.70426493519254|471,73.88488402527021|467,72.20547893416682|463,55.50273090478195|459,47.85790696985916|455,43.61912884605724|451,39.00038710330377|447,24.957214100619673|443,20.54962361972001|439,16.396711921892326|435,10.625581467644285|431,-1.0168142145328467|427,0.22785535470417528|423,-0.32284231341596414|419,1.7535318771509574|415,8.476155671614489|411,15.29845595370956|407,6.313266445147238|403,-11.70768494117118|399,-20.60965127675587|395,-29.59483746329782|391,-34.20002057370239|387,-42.73798909363676|383,-37.6596373842809|379,-38.917470033994746|375,-40.2795809417753|371,-31.743484809075383|367,-28.116252502185215|363,-34.628441563169986|359,-38.1044607846765|355,-54.84528017198796|351,-60.252207454540674|347,-65.26242171901765|343,-61.52454749765815|339,-69.2566282602542|335,-69.58604722785263|331,-57.47999512882038|327,-50.251566655576276|323,-37.29557219696355|319,-30.74267176155277|315,-22.691612723263553|311,-10.94535472925804|307,-9.942677862937643|303,-3.6516020036403853|299,-6.296652049456588|295,-17.112633201452336|291,-25.138161872375182|287,-33.1317248240389|283,-37.71979506255206|279,-37.706291962325935|275,-37.90763845070823|271,-26.763195361900035|267,-22.626330637790403|263,-9.398167345461145|259,-4.041053773014502|255,-2.4018789848590325|251,8.720538925402334|247,10.887939486645763|243,7.280006286464915|239,1.5028526316337336|235,-8.118364279063195|231,-7.692188976323861|227,-6.300630313491572|223,-6.381276297359713|219,-11.646651573386944|215,-8.50499422559881|211,-7.862242728145233|207,-0.8896287058225067|203,1.7322157684583028|199,1.4616480639256135|195,4.616663146383602|191,6.445865201760346|187,7.528020996025673|183,13.392339610758386|179,12.052780734824166|175,11.344329938465009|171,8.991316928768732|167,6.13540293682971|163,4.658247648303266|159,6.476874628987569|155,6.724346986961676|151,6.741306942667394|147,5.947039957843761|143,7.406441013171971|139,6.401104680221257|135,2.0242516393364154|131,0.7795355690501715|127
3,2145,0,2611,519171,1142809,702633,349023,179805,98374,57310,35048,21788,14210,9879,6644,4633,3428,2671,1994,1612,1302,1052,848,638,558,465,400,345,305,261,228,209,185,185,142,142,131,114,159,178,121,78,59,33,26,23,20,5,5,3,2,795,0,0,0,0,0,0,0,0,0,0,0,0,0,0,0,0,0,0,0,0,0,0,0,0,0,0,0,0,0,0,0,0,0,0,0,0,0,0,0,0,0,0,0,2696544.993773991|3156553,2276356.6924655642|3154494,1931111.9899534425|3152435,1633397.8135313103|3150376,1412057.1415995897|3148317,1285485.8423992454|3146258,1177724.512184392|3144199,1088023.9390610247|3142140,1013346.6199030136|3140081,949683.1383062175|3138022,894094.8396413283|3135963,847463.9595430805|3133904,805141.3515012754|3131845,768872.3237029781|3129786,736683.6602516986|3127727,706970.6606253266|3125668,679263.7535117138|3123609,653707.4685090659|3121550,629083.5570372681|3119491,606782.1813296914|3117432,585021.544665153|3115373,565165.9482196816|3113314,545413.6866530362|3111255,527281.5420814364|3109196,510441.9313519934|3107137,493737.2380453903|3105078,477698.33086362854|3103019,463084.4584764041|3100960,448717.7974589875|3098901,435212.4008899109|3096842,423252.57237649325|3094783,412118.9797397575|3092724,401668.5870831137|3090665,391211.59831459064|3088606,381502.4180375511|3086547,372208.35325476655|3084488,362146.1284811873|3082429,352510.3913714925|3080370,343139.29386164545|3078311,334335.2069827937|3076252,326458.00621991756|3074193,318626.86510460905|3072134,309739.199174315|3070075,300970.71947821626|3068016,292291.202560032|3065957,283610.54640515725|3063898,274924.19977418194|3061839,266654.51441430266|3059780,259000.0995316677|3057721,251930.9020333945|3055662,245036.05067389127|3053603,239004.47737134327|3051544,234076.74495361856|3049485,228362.91664338447|3047426,221569.62983293916|3045367,213971.61916979938|3043308,207508.99182365902|3041249,201367.02705619927|3039190,195162.47970828766|3037131,189264.44482271222|3035072,183956.14500372123|3033013,178323.4866394147|3030954,171808.8145087578|3028895,165674.33111267528|3026836,159948.58808920442|3024777,154887.75547680416|3022718,149635.6622197155|3020659,144257.64505372135|3018600,138957.0270706298|3016541,134195.38146451756|3014482,128622.99762938842|3012423,123998.80446595768|3010364,119300.32122536408|3008305,114499.55230631355|3006246,110094.3487148159|3004187,105919.15440786898|3002128,102002.0692794438|3000069,98246.39353793494|2998010,94121.01517147786|2995951,90361.18109183373|2993892,86747.32475232077|2991833,83729.06922368865|2989774,80776.15233279056|2987715,77641.72795533773|2985656,75065.59892114866|2983597,72841.73391779167|2981538,70451.54316297978|2979479,67880.3367933643|2977420,65405.93950785753|2975361,62663.15386063386|2973302,59275.16861369752|2971243,56469.942170959876|2969184,53945.29573481888|2967125,51047.894399099096|2965066,48145.83528926232|2963007,44754.55327086054|2960948,41621.59132675182|2958889,38291.053753779146|2956830,34851.317767612345|2954771,32277.745355467017|2952712
4,2598,0,1783,316062,1272175,1373978,974686,615088,380891,239995,156612,105274,72619,51183,37165,26918,20114,15310,11700,9174,7000,5513,4352,3577,2894,2229,1920,1518,1096,847,709,558,454,367,304,281,186,147,193,109,94,62,40,33,22,23,12,6,3,3,1,452,0,0,0,0,0,0,0,0,0,0,0,0,0,0,0,0,0,0,0,0,0,0,0,0,0,0,0,0,0,0,0,0,0,0,0,0,0,0,0,0,0,0,0,4933988.432912046|5709859,4157781.2625977825|5707325,3477134.9613992027|5704791,2866700.7326287287|5702257,2393403.1934278025|5699723,2127420.4136505723|5697189,1911604.5832186772|5694655,1738671.3216312337|5692121,1599305.9781218758|5689587,1484453.58840246|5687053,1389888.5444729947|5684519,1313055.4745874687|5681985,1242637.3934083555|5679451,1184660.1531410492|5676917,1136935.0354482853|5674383,1095756.5389597844|5671849,1059059.304359838|5669315,1027546.8372509131|5666781,997526.7815381931|5664247,969711.5917228976|5661713,942934.8306390197|5659179,916616.5647182949|5656645,892314.193803497|5654111,871524.759892197|5651577,852389.9169001419|5649043,834842.5752953807|5646509,817808.25752774|5643975,799747.2033873338|5641441,782082.0092203193|5638907,766194.3885523444|5636373,750669.892798033|5633839,736863.3328836785|5631305,724274.794470778|5628771,712709.532277994|5626237,700804.864272058|5623703,689573.6768118362|5621169,678437.750614883|5618635,668178.4467282946|5616101,658401.6607514576|5613567,648675.877859258|5611033,637654.1583575495|5608499,626679.1237087566|5605965,614925.9196558796|5603431,604686.1459916737|5600897,594904.8121240486|5598363,585386.7024450097|5595829,575337.3115603738|5593295,567075.1019134807|5590761,558856.0313786177|5588227,549942.8628420472|5585693,540998.8689175427|5583159,532543.4534452228|5580625,524411.9229960433|5578091,518057.7643045645|5575557,511490.2259810058|5573023,505495.5141972679|5570489,498590.4427310234|5567955,490579.26927161793|5565421,481887.6473853564|5562887,473850.0169860551|5560353,466139.4227011706|5557819,458520.93413468444|5555285,451493.2971255794|5552751,444682.3610437644|5550217,438626.32421675243|5547683,432874.0526616483|5545149,427313.3461569465|5542615,421256.2918518458|5540081,413210.877904467|5537547,405410.59420915705|5535013,398469.95263243816|5532479,391927.9362194293|5529945,387089.3696702571|5527411,381269.07623862766|5524877,375087.95694314357|5522343,368382.51362136856|5519809,361725.40858001594|5517275,354590.93045389676|5514741,348424.9262402959|5512207,342646.83682081726|5509673,337984.4274506152|5507139,333608.5192567636|5504605,328020.71686437086|5502071,321541.20880175685|5499537,314991.0406773455|5497003,308561.80923303904|5494469,303175.79017710086|5491935,298363.25117158506|5489401,293625.8974866355|5486867,288925.8313201828|5484333,284217.7956279783|5481799,279124.84883489733|5479265,274844.6571558225|5476731,270327.3072964143|5474197,266218.03729075554|5471663,262723.6345465614|5469129,259331.7008327591|5466595,255886.39789981546|5464061,251667.4396307632|5461527,248835.7474649657|5458993
5,3564,0,2157,231435,1171962,1712399,1539073,1166388,834871,592164,427892,315143,239245,187363,146475,117335,95218,78009,64972,54058,45315,38452,32899,28024,23823,20391,17730,14872,12598,10649,8808,7320,5943,4864,3800,3099,2365,1930,1512,1263,1169,961,780,679,471,362,225,173,139,82,52,1287,0,0,0,0,0,0,0,0,0,0,0,0,0,0,0,0,0,0,0,0,0,0,0,0,0,0,0,0,0,0,0,0,0,0,0,0,0,0,0,0,0,0,0,8293907.524862492|9262646,7280366.418183506|9259118,6353405.07186137|9255590,5492138.188278865|9252062,4779620.055377656|9248534,4337317.031682506|9245006,3973020.6589635178|9241478,3665716.8521527527|9237950,3405305.9302525567|9234422,3181396.969036396|9230894,2988669.398359166|9227366,2823768.5746480897|9223838,2675233.765075812|9220310,2549294.785709657|9216782,2444882.574265717|9213254,2354343.9827496298|9209726,2275621.573328787|9206198,2207020.2266403623|9202670,2143955.8737462987|9199142,2086549.282559952|9195614,2033996.3112175576|9192086,1983574.791491018|9188558,1936514.8448419194|9185030,1893019.6615097756|9181502,1850707.8111326224|9177974,1813363.4955146236|9174446,1781075.128806148|9170918,1750270.7580054926|9167390,1720921.9939081476|9163862,1693381.6220350666|9160334,1665012.7789593362|9156806,1636366.402341242|9153278,1607601.8898044536|9149750,1579663.5158603988|9146222,1553382.7987587557|9142694,1528668.190574027|9139166,1505626.813424617|9135638,1484800.3705265915|9132110,1465735.4189122117|9128582,1447136.3378938586|9125054,1427909.5595377423|9121526,1408837.4860985307|9117998,1389101.9907606067|9114470,1369807.0472528362|9110942,1352449.512960645|9107414,1335010.3647587318|9103886,1317327.8616803703|9100358,1301692.8973088018|9096830,1286784.3351574757|9093302,1272855.5089439887|9089774,1259136.5866857725|9086246,1245841.854303531|9082718,1231284.410889117|9079190,1216889.081824968|9075662,1202065.1053030337|9072134,1187038.1107157648|9068606,1171290.2416802566|9065078,1155315.6911370398|9061550,1139636.7496590868|9058022,1123668.033695457|9054494,1107846.6870504336|9050966,1091530.2785696934|9047438,1075171.7981294494|9043910,1059794.7398851977|9040382,1044246.5830505776|9036854,1029641.0601964833|9033326,1016569.4955271984|9029798,1004529.6459619441|9026270,992963.3494901852|9022742,982388.0712071655|9019214,972151.9739458093|9015686,962892.1271569947|9012158,953665.2843064964|9008630,943543.2509170258|9005102,932445.9509314401|9001574,921788.9409928689|8998046,911328.666685939|8994518,901269.4612700649|8990990,890996.024719332|8987462,881503.2117686295|8983934,872510.5833354652|8980406,863540.0615932376|8976878,855921.6996272667|8973350,848696.3114492641|8969822,839540.8485921634|8966294,830147.6654474232|8962766,820112.119067365|8959238,810427.6086701559|8955710,801250.9268440091|8952182,791585.9429654984|8948654,782354.8490680248|8945126,772628.6902045333|8941598,763027.163372289|8938070,753692.4722043312|8934542,745943.8158349231|8931014,738562.8094700135|8927486,730707.9093239619|8923958,722970.2442549368|8920430,714873.9174377866|8916902,706352.8934413844|8913374
6,3940,0,1802,161559,861782,1476797,1527162,1296190,1021664,779857,603392,476510,384117,316463,264981,225069,193454,169528,148516,131147,116796,104673,94218,85332,78647,70974,64760,58327,52951,46688,40566,34910,29198,24607,19883,16225,13274,10566,8578,6911,5588,4328,3263,2668,1707,1212,898,577,411,312,261,3824,0,0,0,0,0,0,0,0,0,0,0,0,0,0,0,0,0,0,0,0,0,0,0,0,0,0,0,0,0,0,0,0,0,0,0,0,0,0,0,0,0,0,0,10135578.779766412|11037082,9180397.11551816|11033179,8282642.542193594|11029276,7427160.53800886|11025373,6684983.7981888885|11021470,6190030.950306252|11017567,5769617.168727469|11013664,5398999.780981582|11009761,5073105.461974966|11005858,4785970.276445309|11001955,4529286.327629382|10998052,4302010.437455249|10994149,4096335.2974377787|10990246,3915787.1310280287|10986343,3759161.1214155895|10982440,3622219.9760307698|10978537,3501547.8898753687|10974634,3394970.683881044|10970731,3297690.2823457955|10966828,3208858.070385142|10962925,3126415.3423934453|10959022,3049043.285045455|10955119,2976924.9322543363|10951216,2910274.965545646|10947313,2848819.7161765|10943410,2793907.852779154|10939507,2744472.825487436|10935604,2697239.7897401876|10931701,2653121.002596469|10927798,2611529.820055948|10923895,2571142.0984066348|10919992,2530794.9886033316|10916089,2491347.035393214|10912186,2454045.6098081334|10908283,2417341.111158219|10904380,2382708.887460357|10900477,2348559.82094267|10896574,2317597.5068916427|10892671,2288578.4057495487|10888768,2261273.167586496|10884865,2234611.523021237|10880962,2208217.728046355|10877059,2181289.3091433295|10873156,2153189.3166501466|10869253,2125259.671816307|10865350,2098457.001258662|10861447,2071474.4361053056|10857544,2045638.2383097236|10853641,2020560.8773179841|10849738,1997711.2307271876|10845835,1975340.6892590541|10841932,1953221.1333143078|10838029,1930285.3283263037|10834126,1906756.6725458405|10830223,1882423.5071339137|10826320,1859274.3835706515|10822417,1836476.3074232158|10818514,1814614.052232663|10814611,1793580.8254202392|10810708,1773752.2419424222|10806805,1753508.4222910823|10802902,1732773.1344783385|10798999,1711478.4454805567|10795096,1689973.5166657392|10791193,1667906.2776418033|10787290,1647025.649143909|10783387,1626855.8524480513|10779484,1608273.399414925|10775581,1590280.5848767043|10771678,1572339.308552679|10767775,1554656.5819511279|10763872,1537001.7638592606|10759969,1519424.2322279506|10756066,1501757.1819992294|10752163,1483960.0104024736|10748260,1466182.4425268385|10744357,1447630.3040845406|10740454,1430326.0844002506|10736551,1413853.5679100158|10732648,1398199.6440388577|10728745,1382355.873811848|10724842,1366549.145808762|10720939,1350792.647616934|10717036,1335416.7581270314|10713133,1320836.8622167052|10709230,1306875.5696295425|10705327,1292999.109194041|10701424,1280023.349169379|10697521,1268379.6763677753|10693618,1257068.7845291523|10689715,1245809.8976316026|10685812,1234258.7748848302|10681909,1223104.8565105028|10678006,1211601.3154453172|10674103,1200137.1792182196|10670200,1188747.1609384862|10666297,1177533.6898292953|10662394,1165537.534041767|10658491,1153303.0486225807|10654588,1141323.148647218|10650685
7,3711,0,1144,107159,607518,1129945,1257604,1135174,949347,760739,610870,500473,422822,362528,315738,279564,251688,228487,208788,194542,179887,170576,162467,156213,150836,146213,142176,136310,129617,120421,109443,97235,84543,72412,62154,52786,45020,38628,33249,28973,25096,20900,16657,13864,9641,6679,4800,3418,2326,1720,1224,21319,0,0,0,0,0,0,0,0,0,0,0,0,0,0,0,0,0,0,0,0,0,0,0,0,0,0,0,0,0,0,0,0,0,0,0,0,0,0,0,0,0,0,0,10798852.849837314|11565273,9987482.817061566|11561596,9201764.842105519|11557919,8437856.911648681|11554242,7754167.798196214|11550565,7267503.163948509|11546888,6840166.013423683|11543211,6449959.182918394|11539534,6096339.475714006|11535857,5777092.796376094|11532180,5488547.426911257|11528503,5228000.322278603|11524826,4992323.9408851275|11521149,4782912.283974303|11517472,4598605.10990313|11513795,4434522.077488852|11510118,4289535.807765927|11506441,4161775.2524184966|11502764,4046160.5413237773|11499087,3942030.903970779|11495410,3845764.517662727|11491733,3755306.3768189657|11488056,3671447.4924947177|11484379,3593982.889322447|11480702,3521536.032751494|11477025,3456080.507892045|11473348,3396737.637642815|11469671,3342108.682919425|11465994,3290950.1976578953|11462317,3242149.4673560318|11458640,3194597.70427112|11454963,3148460.0240748683|11451286,3103253.236133236|11447609,3059266.0136038237|11443932,3015956.2380694235|11440255,2974802.3982605604|11436578,2935899.8692408884|11432901,2899195.9936925266|11429224,2864244.838597623|11425547,2831323.1230229735|11421870,2799779.071143804|11418193,2768248.109684969|11414516,2735619.2559834174|11410839,2702668.9931760537|11407162,2670191.934224376|11403485,2638224.523990457|11399808,2607697.5042390516|11396131,2579428.041874731|11392454,2551885.6708732517|11388777,2524904.59260825|11385100,2498521.7130719884|11381423,2473537.475159889|11377746,2448972.6659168787|11374069,2425295.330774489|11370392,2402054.7989618266|11366715,2379304.8811207064|11363038,2357235.114965099|11359361,2334771.179962431|11355684,2312283.2795438007|11352007,2289699.205700472|11348330,2266866.2559266384|11344653,2244149.44826711|11340976,2221541.576344881|11337299,2198849.2112868624|11333622,2176517.9189293967|11329945,2155139.753198862|11326268,2135005.4096019985|11322591,2116866.075430635|11318914,2099175.830119727|11315237,2081903.117199675|11311560,2064983.9186890572|11307883,2047700.0322447927|11304206,2030055.3111579455|11300529,2011802.5963426442|11296852,1993401.046395583|11293175,1974938.112769891|11289498,1956854.998270651|11285821,1939051.7271334452|11282144,1921875.0892280948|11278467,1906263.3692975899|11274790,1891434.1462097683|11271113,1876842.3179987532|11267436,1861654.597474883|11263759,1845824.8970397385|11260082,1830280.281269171|11256405,1815294.9822860255|11252728,1800249.438558765|11249051,1785733.6490373896|11245374,1772685.9894871046|11241697,1760244.7116019023|11238020,1747912.170413739|11234343,1735251.2203495712|11230666,1721767.0128818366|11226989,1707487.866389682|11223312,1693256.2832797263|11219635,1679209.6115200776|11215958,1664894.9012327965|11212281,1650720.1350112834|11208604,1636677.1840784238|11204927,1623042.892123415|11201250
8,3942,0,914,128562,953046,1841443,2020014,1811935,1522566,1232032,1001916,836486,712220,628182,560831,512198,473340,445244,422665,406733,396800,392930,394995,405386,422442,447385,470169,484128,487875,471083,442336,404582,362333,324190,290923,262482,240156,222658,212097,204401,198750,177111,151734,133067,94754,66578,48701,32136,22761,16984,12034,207716,0,0,0,0,0,0,0,0,0,0,0,0,0,0,0,0,0,0,0,0,0,0,0,0,0,0,0,0,0,0,0,0,0,0,0,0,0,0,0,0,0,0,0,22690281.82651335|24006697,21332888.62846611|24002775,19953861.91718647|23998853,18571897.388645068|23994931,17288732.283199783|23991009,16283976.021972103|23987087,15357912.850515738|23983165,14485920.91305211|23979243,13676120.833006453|23975321,12925898.819492225|23971399,12235393.61968537|23967477,11602589.12014663|23963555,11024978.803026348|23959633,10505326.984180275|23955711,10041323.05586756|23951789,9626922.62984201|23947867,9262647.823703066|23943945,8940378.578959849|23940023,8649921.734491287|23936101,8388885.171038112|23932179,8151496.548885705|23928257,7933900.937740042|23924335,7736408.283573445|23920413,7557472.8190204725|23916491,7395345.103398265|23912569,7251769.775334174|23908647,7121740.6756994305|23904725,7004410.293033018|23900803,6898266.725066804|23896881,6799023.956642966|23892959,6704543.592413274|23889037,6614258.678974238|23885115,6526930.305707222|23881193,6443290.46989863|23877271,6363447.229036042|23873349,6289408.9172420725|23869427,6220571.509089607|23865505,6156767.717835399|23861583,6097158.665335186|23857661,6040927.614994709|23853739,5986458.986034736|23849817,5933030.339699149|23845895,5878781.305683546|23841973,5825160.131678186|23838051,5771703.1649875|23834129,5718737.628287269|23830207,5668110.4291214645|23826285,5620029.393218437|23822363,5573484.309946565|23818441,5528997.246183789|23814519,5486875.83478233|23810597,5445482.678460434|23806675,5404025.563712921|23802753,5363301.885651376|23798831,5321689.003124272|23794909,5280633.14141093|23790987,5240226.630498122|23787065,5201642.798685127|23783143,5166604.622497412|23779221,5133115.566011693|23775299,5100774.531703919|23771377,5069270.698334872|23767455,5037117.835877932|23763533,5004403.5508415345|23759611,4972072.7085369425|23755689,4940385.403929251|23751767,4910446.5916376095|23747845,4882860.796880157|23743923,4856503.719512567|23740001,4832544.056903087|23736079,4808937.832719033|23732157,4785659.98415627|23728235,4763042.982375682|23724313,4739569.587576303|23720391,4716182.803448302|23716469,4693551.711793783|23712547,4671140.753697984|23708625,4649570.9085791875|23704703,4629280.461204121|23700781,4610741.6679043025|23696859,4593568.131375658|23692937,4577763.075813639|23689015,4562078.773028143|23685093,4547093.299819332|23681171,4531559.1484643025|23677249,4515349.0781523455|23673327,4498485.034201297|23669405,4480477.143043003|23665483,4460826.720457669|23661561,4441711.221791011|23657639,4421820.553755411|23653717,4401214.780074782|23649795,4379567.245196183|23645873,4357369.36785211|23641951,4335376.681528114|23638029,4313712.427686721|23634107,4292832.416128034|23630185,4273547.668530648|23626263,4254974.289829823|23622341,4237253.010780081|23618419
9,8810,0,1145,509173,4666698,9287848,10322476,9433488,8108821,6682757,5520258,4670309,4065368,3631268,3313953,3073263,2906874,2777948,2703275,2659346,2657004,2695409,2809099,2992523,3256726,3576752,3878341,4097380,4149910,4034123,3778923,3448285,3101047,2785408,2520328,2319052,2164930,2057810,2022934,2007556,1995828,1802037,1559592,1383326,982697,695338,512030,343961,239401,180552,129526,2272293,0,0,0,0,0,0,0,0,0,0,0,0,0,0,0,0,0,0,0,0,0,0,0,0,0,0,0,0,0,0,0,0,0,0,0,0,0,0,0,0,0,0,0,148264272.88013092|156774545,139743036.38701475|156765750,130818136.50696526|156756955,121740673.80913547|156748160,113122607.17175616|156739365,106025817.53959571|156730570,99398877.69848835|156721775,93088010.32471316|156712980,87171198.97460213|156704185,81662582.94301587|156695390,76568451.63367763|156686595,71897380.19554727|156677800,67632370.32608977|156669005,63804299.84979832|156660210,60391376.44064395|156651415,57361541.277295716|156642620,54691951.17599961|156633825,52338420.22001774|156625030,50243532.36557372|156616235,48379663.815804146|156607440,46714129.975840405|156598645,45214294.99759046|156589850,43880647.3733075|156581055,42697816.29546494|156572260,41639565.114554465|156563465,40710159.503408454|156554670,39891955.16030045|156545875,39160935.43697445|156537080,38501366.221480146|156528285,37903211.08808891|156519490,37341232.99190249|156510695,36813777.8190245|156501900,36313489.05551403|156493105,35841882.73107498|156484310,35393306.50187199|156475515,34984348.38692681|156466720,34608913.686588995|156457925,34272330.17758437|156449130,33968420.39366142|156440335,33687593.98156541|156431540,33419785.30602054|156422745,33160801.070688352|156413950,32895270.42721745|156405155,32636731.38824165|156396360,32382110.345159207|156387565,32130264.423973985|156378770,31883859.98570757|156369975,31654609.79753156|156361180,31434839.80336388|156352385,31226378.726137385|156343590,31033585.57366919|156334795,30853035.02896845|156326000,30676925.62632023|156317205,30508041.276060298|156308410,30339571.40667724|156299615,30174376.96029013|156290820,30016321.81021117|156282025,29862626.79498077|156273230,29711384.503753293|156264435,29561392.900267765|156255640,29410596.186200194|156246845,29257725.980697263|156238050,29105043.241402585|156229255,28954206.233384084|156220460,28808957.299888127|156211665,28672848.611988354|156202870,28547687.249634124|156194075,28435963.58573034|156185280,28333580.84966054|156176485,28238058.50578414|156167690,28147704.80354743|156158895,28061697.214293037|156150100,27973216.026426174|156141305,27888718.877316322|156132510,27808974.566107333|156123715,27732595.512673993|156114920,27660535.525129188|156106125,27596433.508003056|156097330,27540124.650518503|156088535,27489222.758085303|156079740,27443249.51644993|156070945,27403645.60115328|156062150,27364678.05804314|156053355,27323560.945811257|156044560,27281087.607887313|156035765,27233890.496427942|156026970,27180809.403314646|156018175,27123232.201171592|156009380,27060211.8568312|156000585,26992520.048395745|155991790,26919081.70605937|155982995,26841841.27690685|155974200,26756129.83822981|155965405,26664065.686122514|155956610,26572388.92743711|155947815,26480768.202325195|155939020,26392525.418570567|155930225,26309642.248769034|155921430,26231971.76951294|155912635,26158222.798160296|155903840
10,18431,0,1543,826134,8240334,17845512,21323588,20637323,18584133,15763444,13329562,11492131,10164354,9206993,8523941,8037062,7702749,7469945,7352444,7332338,7421050,7644685,8084548,8762685,9686639,10747501,11759011,12446542,12592687,12187444,11343423,10288047,9199100,8232688,7441382,6851949,6389458,6094899,6020751,5986774,5966534,5394404,4676714,4145351,2948113,2082239,1535488,1033215,721534,543719,388159,6863413,0,0,0,0,0,0,0,0,0,0,0,0,0,0,0,0,0,0,0,0,0,0,0,0,0,0,0,0,0,0,0,0,0,0,0,0,0,0,0,0,0,0,0,385286632.3939719|409294777,361625246.80734336|409276352,336786266.9725818|409257927,311542487.5121989|409239502,287585680.4024193|409221077,267931683.39718226|409202652,249612322.05546653|409184227,232144736.37203008|409165802,215752585.1486532|409147377,200467896.06232896|409128952,186324462.8412572|409110527,173338074.23378235|409092102,161488561.15488955|409073677,150850971.71204165|409055252,141367005.22749197|409036827,132962144.38419089|409018402,125585664.62227863|408999977,119109910.07659991|408981552,113369511.9477536|408963127,108300222.44276233|408944702,103793401.1118727|408926277,99765416.79320785|408907852,96217042.48925683|408889427,93104429.84153818|408871002,90346407.08744188|408852577,87944112.72293873|408834152,85861045.67634358|408815727,84017398.8561283|408797302,82375412.80910532|408778877,80897980.34561987|408760452,79525597.06904623|408742027,78232306.07564789|408723602,77012900.77733956|408705177,75859402.72287248|408686752,74770031.7734755|408668327,73787595.81871308|408649902,72893751.41657712|408631477,72110808.16595301|408613052,71414308.14517507|408594627,70783242.50607064|408576202,70192297.26560721|408557777,69605418.47245713|408539352,69000989.6986357|408520927,68411680.33571343|408502502,67820513.68291216|408484077,67242507.55100429|408465652,66687364.25143592|408447227,66179844.92849674|408428802,65696464.46823987|408410377,65244266.93645404|408391952,64829741.20010786|408373527,64443160.90069773|408355102,64069831.30894987|408336677,63705807.08612613|408318252,63343747.22769284|408299827,62994874.40491198|408281402,62649664.84325395|408262977,62312522.233758524|408244552,61991755.11948544|408226127,61671919.07108865|408207702,61346230.286694385|408189277,61013742.980921425|408170852,60675259.00219049|408152427,60338126.37777911|408134002,60022281.49886225|408115577,59730819.429477364|408097152,59466603.33101638|408078727,59238166.68871028|408060302,59035705.065664515|408041877,58851750.88351046|408023452,58684170.836599745|408005027,58526895.889431916|407986602,58364456.184021115|407968177,58202501.147738956|407949752,58048901.116843276|407931327,57899849.94978861|407912902,57764248.86572904|407894477,57648624.95869314|407876052,57558902.18152289|407857627,57487366.80718232|407839202,57429633.876542844|407820777,57382291.66584303|407802352,57335802.064130194|407783927,57280424.20128531|407765502,57214649.83630713|407747077,57132733.024180755|407728652,57027241.89437363|407710227,56909253.04741829|407691802,56779671.629714|407673377,56635319.77201152|407654952,56468744.47510817|407636527,56280659.10028544|407618102,56065564.36701023|407599677,55837511.058516935|407581252,55607520.99560075|407562827,55381795.46496404|407544402,55162928.54739614|407525977,54958612.03109492|407507552,54755788.89407839|407489127,54568397.89636487|407470702
11,28816,0,1785,875826,8882305,20385853,25779288,26154078,24546487,21353251,18385124,16127660,14496380,13336367,12511588,11943024,11577842,11390856,11357861,11485410,11801568,12386840,13384194,14857517,16789218,18996863,21018787,22357760,22613726,21770961,20127749,18098132,16062258,14313965,12913732,11887752,11133444,10670448,10654125,10729042,10829399,9866577,8623900,7696360,5487494,3880047,2869926,1931156,1345436,1013731,724882,12819711,0,0,0,0,0,0,0,0,0,0,0,0,0,0,0,0,0,0,0,0,0,0,0,0,0,0,0,0,0,0,0,0,0,0,0,0,0,0,0,0,0,0,0,599635077.2380655|640218602,560682591.2822658|640189790,519906562.46088094|640160978,478600768.3818031|640132166,439582261.94657|640103354,408027751.0479453|640074542,378796745.4470884|640045730,350958223.13266045|640016918,324866569.702307|639988106,300560045.99803513|639959294,278068973.19453514|639930482,257422525.397498|639901670,238609589.21634144|639872858,221761607.92395648|639844046,206764247.6849164|639815234,193521297.6249008|639786422,181920387.6602696|639757610,171751416.92888647|639728798,162754659.916534|639699986,154835855.11590067|639671174,147815214.84720308|639642362,141561440.86233225|639613550,136086581.15307593|639584738,131319174.61973655|639555926,127112954.65733963|639527114,123495023.13505489|639498302,120384437.45044318|639469490,117656233.69753498|639440678,115245494.83256073|639411866,113099262.40371576|639383054,111112096.71722305|639354242,109246939.03371961|639325430,107490746.63316956|639296618,105843961.12446702|639267806,104273191.177715|639238994,102877243.69502729|639210182,101629713.76506414|639181370,100567205.36048004|639152558,99631068.85458788|639123746,98797178.86414525|639094934,98013694.8481031|639066122,97226157.60088901|639037310,96385122.3683037|639008498,95556234.36210567|638979686,94724770.33312598|638950874,93898481.51696186|638922062,93107029.28635412|638893250,92393681.64471768|638864438,91716216.31124222|638835626,91075952.0072373|638806814,90497890.7133234|638778002,89965280.89426899|638749190,89449385.68900894|638720378,88940632.82301468|638691566,88441861.06844465|638662754,87957543.42992352|638633942,87478550.31241874|638605130,87012688.1051544|638576318,86561840.20477615|638547506,86116553.27840789|638518694,85658976.64185618|638489882,85190336.78157674|638461070,84698997.92338672|638432258,84205140.39912869|638403446,83735242.64811055|638374634,83299273.07364348|638345822,82913114.02092478|638317010,82594454.04202402|638288198,82315783.72118613|638259386,82060601.78707968|638230574,81830598.25255492|638201762,81617409.45130947|638172950,81390154.5286907|638144138,81156241.89158066|638115326,80936866.59292929|638086514,80722409.90240598|638057702,80524608.76644716|638028890,80362203.57836649|638000078,80244896.35524137|637971266,80164615.03639781|637942454,80106144.14885083|637913642,80067504.67504928|637884830,80027506.27233386|637856018,79967772.39123984|637827206,79882618.4951533|637798394,79766602.23415484|637769582,79620562.15377063|637740770,79451208.18762265|637711958,79256307.62016448|637683146,79040702.48331062|637654334,78788613.3950676|637625522,78494771.67357501|637596710,78158355.53678174|637567898,77796052.22550416|637539086,77431276.78898664|637510274,77068832.55335689|637481462,76719537.37878013|637452650,76388891.66315277|637423838,76075317.24691832|637395026,75782725.8712554|637366214
12,39628,0,2094,853622,8602216,20598859,27262793,28784893,28035247,24913978,21802390,19377095,17643391,16422161,15586404,15057651,14781225,14701340,14845505,15220423,15876527,16962027,18721517,21320579,24688135,28513692,32029599,34379550,34857029,33531565,30855841,27582757,24354535,21584449,19443343,17927671,16835106,16273901,16483135,16920664,17467804,16168228,14319184,12951766,9269457,6572510,4875918,3269052,2274961,1716582,1223658,21621935,0,0,0,0,0,0,0,0,0,0,0,0,0,0,0,0,0,0,0,0,0,0,0,0,0,0,0,0,0,0,0,0,0,0,0,0,0,0,0,0,0,0,0,824825637.2666548|885324083,768851369.0086895|885284458,710466553.5693944|885244833,651536529.1033682|885205208,596186584.1547205|885165583,552185935.2466121|885125958,511736804.12045795|885086333,473291063.89879566|885046708,437316018.25250685|885007083,403816750.96313375|884967458,372839107.4547921|884927833,344424045.5765787|884888208,318542607.34690446|884848583,295398623.40890485|884808958,274814504.5819395|884769333,256681301.70836252|884729708,240856632.0746716|884690083,227021566.57261673|884650458,214805259.07125354|884610833,204090409.76069725|884571208,194611227.08138958|884531583,186170277.1594131|884491958,178803730.0616206|884452333,172418239.54559284|884412708,166799091.90947324|884373083,161991279.0299648|884333458,157890177.37692198|884293833,154309647.104052|884254208,151167831.152633|884214583,148383851.694778|884174958,145809608.2428364|884135333,143382120.97665974|884095708,141089392.50664592|884056083,138931965.27416143|884016458,136864740.59763232|883976833,135033907.98403326|883937208,133394321.01018827|883897583,132018249.49401072|883857958,130829020.73174988|883818333,129787240.41819021|883778708,128817761.13966015|883739083,127828440.49630561|883699458,126740961.11236368|883659833,125659675.45138904|883620208,124557289.31865469|883580583,123454968.27278312|883540958,122386584.54565202|883501333,121438744.90176211|883461708,120536975.14063944|883422083,119676692.04839164|883382458,118904850.25632638|883342833,118189201.75684762|883303208,117484087.85691299|883263583,116788776.88190946|883223958,116101093.83397703|883184333,115436814.46548843|883144708,114775953.71526569|883105083,114133063.23389141|883065458,113521716.6754926|883025833,112918188.39209525|882986208,112291969.80626361|882946583,111657760.6802023|882906958,110999432.68684891|882867333,110335008.50330216|882827708,109714970.17739186|882788083,109157567.57248256|882748458,108669374.38866025|882708833,108287091.98432545|882669208,107956899.85361464|882629583,107672376.12783048|882589958,107408877.05890082|882550333,107168826.98564324|882510708,106896177.3335092|882471083,106599090.19647232|882431458,106310506.78816852|882391833,106028603.73478472|882352208,105761093.952382|882312583,105555291.40597264|882272958,105413188.66043387|882233333,105328500.03804983|882193708,105277689.36518349|882154083,105249418.51164328|882114458,105224878.39194408|882074833,105174123.78612168|882035208,105098412.2587615|881995583,104973664.91614984|881955958,104804153.16676821|881916333,104604582.55288729|881876708,104363527.22113019|881837083,104099047.40440193|881797458,103760853.52789041|881757833,103369303.72235903|881718208,102901709.55599357|881678583,102395033.73708549|881638958,101882374.12842269|881599333,101373014.79218282|881559708,100888878.71642594|881520083,100437931.30197898|881480458,100007456.05389008|881440833,99603947.84934531|881401208
13,48500,0,2259,788568,7668518,18768727,25645402,27886811,27982004,25266449,22371681,20105386,18473866,17360878,16639779,16219825,16086561,16185134,16526256,17152587,18170505,19785495,22377204,26152270,31081916,36725763,41971353,45502840,46386356,44632271,40988246,36511227,32119356,28395412,25577643,23668611,22358169,21857407,22554083,23718183,25170596,23754696,21408231,19711431,14147693,10081022,7509587,5027589,3491070,2643830,1877022,33135206,0,0,0,0,0,0,0,0,0,0,0,0,0,0,0,0,0,0,0,0,0,0,0,0,0,0,0,0,0,0,0,0,0,0,0,0,0,0,0,0,0,0,0,1009455988.290473|1089574474,938743755.5916808|1089525974,865156320.5246593|1089477474,791115674.889005|1089428974,721954602.3085049|1089380474,667857159.2760848|1089331974,618530874.8011194|1089283474,571729922.5781715|1089234974,528027847.54301494|1089186474,487373774.7425739|1089137974,449810208.4517945|1089089474,415375206.9373557|1089040974,384031104.25102717|1088992474,356063640.601879|1088943974,331233658.02749556|1088895474,309406459.53846776|1088846974,290413341.592388|1088798474,273834684.7399652|1088749974,259224425.20155972|1088701474,246438359.36803702|1088652974,235143722.4292883|1088604474,225093399.3630134|1088555974,216349907.06413156|1088507474,208811933.97176352|1088458974,202193439.85132208|1088410474,196562639.24207497|1088361974,191821126.21620497|1088313474,187692767.8011224|1088264974,184096429.06711033|1088216474,180924813.8712665|1088167974,177994496.1340419|1088119474,175197110.27574992|1088070974,172540310.4722653|1088022474,170041286.50091612|1087973974,167632368.27933827|1087925474,165516397.84441492|1087876974,163638540.65722394|1087828474,162094452.49008116|1087779974,160782563.15036595|1087731474,159659962.29012665|1087682974,158622818.213195|1087634474,157538512.81185213|1087585974,156299223.8108701|1087537474,155055441.21259564|1087488974,153752524.30485034|1087440474,152418675.62738985|1087391974,151105163.6914009|1087343474,149954178.9572851|1087294974,148855170.81800172|1087246474,147780159.62683353|1087197974,146838128.92505932|1087149474,145972873.94198823|1087100974,145119684.7588724|1087052474,144267802.01049903|1087003974,143412470.7148511|1086955474,142592084.93531474|1086906974,141775770.22418916|1086858474,140989740.2790643|1086809974,140253559.43015116|1086761474,139534496.68240604|1086712974,138790498.84555885|1086664474,138023567.67289102|1086615974,137223721.6391167|1086567474,136414058.99095297|1086518974,135679824.55878606|1086470474,135027270.02057076|1086421974,134473184.4667389|1086373474,134056238.41104518|1086324974,133717236.01071057|1086276474,133428308.10478541|1086227974,133171075.27026522|1086179474,132929330.50846033|1086130974,132645059.9740951|1086082474,132311330.95194213|1086033974,131989773.90798607|1085985474,131657201.11773269|1085936974,131332320.98411666|1085888474,131095027.3127994|1085839974,130952822.33911991|1085791474,130887137.20416023|1085742974,130867802.69935636|1085694474,130893170.86736381|1085645974,130932415.71565782|1085597474,130935568.25599767|1085548974,130916978.62055618|1085500474,130829616.56825459|1085451974,130663976.50521958|1085403474,130447855.2056937|1085354974,130164090.03699516|1085306474,129838433.50814411|1085257974,129400569.85632476|1085209474,128888466.22414497|1085160974,128256571.59615514|1085112474,127556127.50524783|1085063974,126864795.01706323|1085015474,126182531.75168227|1084966974,125540533.15743002|1084918474,124961371.00873768|1084869974,124414213.67346597|1084821474,123910681.15393782|1084772974
14,58864,0,2624,730699,6857867,17293840,24440868,27409592,28370943,26010360,23285304,21121167,19610733,18585569,17968093,17677481,17694435,17981408,18560823,19505543,21008701,23305556,27031690,32503730,39700030,47906578,55629745,60849914,62236846,59833620,54766261,48509561,42444742,37356527,33545308,31041130,29389697,28892848,30260145,32460611,35290806,33848888,30949527,28918705,20851150,14909267,11152515,7434985,5158207,3910538,2772770,48878052,0,0,0,0,0,0,0,0,0,0,0,0,0,0,0,0,0,0,0,0,0,0,0,0,0,0,0,0,0,0,0,0,0,0,0,0,0,0,0,0,0,0,0,1257127651.9235504|1365797123,1165309022.2279387|1365738260,1070149386.8330076|1365679397,974870261.3999994|1365620534,886555002.6350111|1365561671,818847331.8234297|1365502808,757694321.1634184|1365443945,699852951.9256699|1365385082,645988472.5107237|1365326219,595933614.4299858|1365267356,549738567.8777672|1365208493,507430595.7880118|1365149630,468965706.28949124|1365090767,434734170.0618533|1365031904,404434892.41132677|1364973041,377886270.030876|1364914178,354883052.21813995|1364855315,334882715.38785785|1364796452,317311418.3794874|1364737589,301979224.7874087|1364678726,288483712.8345058|1364619863,276482429.0551584|1364561000,266062166.51522577|1364502137,257096143.7757753|1364443274,249217241.2176199|1364384411,242532480.80932024|1364325548,236938209.63496697|1364266685,232078942.82336175|1364207822,227884034.8599813|1364148959,224202461.2058364|1364090096,220783632.78770354|1364031233,217507459.99498597|1363972370,214395375.79865745|1363913507,211446235.19372743|1363854644,208592125.15353|1363795781,206115785.40254882|1363736918,203904643.02452466|1363678055,202118701.9386552|1363619192,200627404.37074712|1363560329,199353852.12242144|1363501466,198182637.70022422|1363442603,196934577.95674768|1363383740,195476654.08827147|1363324877,194008791.77107248|1363266014,192452901.88293213|1363207151,190847726.6595602|1363148288,189255695.10190734|1363089425,187879719.26321074|1363030562,186570677.58895987|1362971699,185290928.24296436|1362912836,184185577.16094893|1362853973,183149167.5164152|1362795110,182122146.7449551|1362736247,181097342.19084024|1362677384,180040821.58071035|1362618521,179035884.88026673|1362559658,178046243.10379508|1362500795,177080489.48866138|1362441932,176163804.20015785|1362383069,175265557.2045009|1362324206,174331069.71222264|1362265343,173370219.3354927|1362206480,172377978.01120067|1362147617,171382580.6329673|1362088754,170483361.37452877|1362029891,169680220.56784597|1361971028,168993079.13214758|1361912165,168483061.49071425|1361853302,168056442.8664363|1361794439,167681644.0392723|1361735576,167342455.34144068|1361676713,167036579.7732495|1361617850,166641596.20391002|1361558987,166199593.94373697|1361500124,165778850.74629092|1361441261,165344982.98121288|1361382398,164906267.61948517|1361323535,164595389.64126006|1361264672,164390594.3350001|1361205809,164278035.1127201|1361146946,164215600.73450205|1361088083,164203903.94609013|1361029220,164206789.2408607|1360970357,164181799.92677522|1360911494,164139510.03846842|1360852631,164015501.8801788|1360793768,163797159.2171312|1360734905,163530686.02754277|1360676042,163158302.12933016|1360617179,162737887.2441999|1360558316,162164613.5361488|1360499453,161507435.6719282|1360440590,160689226.03449136|1360381727,159806259.06557733|1360322864,158945708.78973648|1360264001,158096046.84948045|1360205138,157310126.80398077|1360146275,156606042.82196873|1360087412,155938266.47906718|1360028549,155314573.55741408|1359969686
15,68433,0,2492,645438,5827801,15189035,22293693,25772322,27516186,25585816,23113391,21158385,19805944,18938436,18459854,18327260,18506281,19014460,19863817,21135248,23104307,26166717,31128377,38476284,48264340,59493697,70039181,77189005,79132251,75969865,69193981,60854534,52820966,46198478,41320773,38214218,36232002,35820072,38046891,41598431,46260687,45050705,41743402,39543689,28612667,20534544,15411033,10246715,7101519,5388614,3806984,67105457,0,0,0,0,0,0,0,0,0,0,0,0,0,0,0,0,0,0,0,0,0,0,0,0,0,0,0,0,0,0,0,0,0,0,0,0,0,0,0,0,0,0,0,1499765178.2976043|1641157812,1385591378.4295776|1641089379,1267821409.6261961|1641020946,1150550430.7753313|1640952513,1042733925.9854316|1640884080,961916622.7529821|1640815647,889685733.0390897|1640747214,821539471.1297102|1640678781,758221630.1989127|1640610348,699429599.6271181|1640541915,645221966.6443145|1640473482,595628668.9894469|1640405049,550606400.9914416|1640336616,510677560.513877|1640268183,475440164.8278856|1640199750,444685290.3817373|1640131317,418165221.1360752|1640062884,395210679.11292297|1639994451,375083983.0020245|1639926018,357591879.7437591|1639857585,342188352.8399695|1639789152,328508639.17702615|1639720719,316641704.88253564|1639652286,306488983.85579616|1639583853,297556865.4172433|1639515420,290023818.13922167|1639446987,283760086.5783878|1639378554,278336310.82678103|1639310121,273705247.9142305|1639241688,269676509.8586688|1639173255,265921542.9301332|1639104822,262290766.5805915|1639036389,258819630.24587655|1638967956,255536465.6385047|1638899523,252329610.94445372|1638831090,249596169.27139|1638762657,247149638.81971464|1638694224,245190601.73641858|1638625791,243588898.84872177|1638557358,242236180.70033595|1638488925,240988665.4844302|1638420492,239639539.43865705|1638352059,237989315.18032455|1638283626,236328867.72968566|1638215193,234536870.40827605|1638146760,232667579.63187578|1638078327,230805461.34849837|1638009894,229211912.03593138|1637941461,227695569.27525917|1637873028,226199791.721019|1637804595,224939029.09443635|1637736162,223745574.48497385|1637667729,222565979.88880688|1637599296,221380362.22687003|1637530863,220153621.33199582|1637462430,219001777.3532544|1637393997,217856401.95549932|1637325564,216744624.77855277|1637257131,215699877.34734735|1637188698,214681057.69718984|1637120265,213607075.38023275|1637051832,212487666.07510734|1636983399,211325749.2441226|1636914966,210139873.75652656|1636846533,209073807.88698256|1636778100,208104392.19728288|1636709667,207291302.287258|1636641234,206683210.1646017|1636572801,206194811.53850782|1636504368,205780870.9721247|1636435935,205421972.11067712|1636367502,205077054.2312038|1636299069,204596485.58747014|1636230636,204025805.6195946|1636162203,203480830.72871163|1636093770,202908259.69334427|1636025337,202333082.30203947|1635956904,201904713.18321973|1635888471,201622707.88290107|1635820038,201450627.43251488|1635751605,201343263.35422486|1635683172,201314852.4608601|1635614739,201333885.05136287|1635546306,201315694.66913053|1635477873,201298523.87010258|1635409440,201187115.21888775|1635341007,200944679.74985936|1635272574,200631699.20163792|1635204141,200207680.8394351|1635135708,199706874.95835543|1635067275,199019093.17228281|1634998842,198246054.72083768|1634930409,197259209.94999826|1634861976,196176240.9409876|1634793543,195153335.5723899|1634725110,194144819.74809748|1634656677,193191670.65681785|1634588244,192381897.61929637|1634519811,191609767.29609266|1634451378,190873737.46383128|1634382945
16,75600,0,2525,556509,4765212,12789095,19435924,23156573,25517807,24066921,21957443,20274869,19117974,18430719,18106253,18139323,18496426,19220754,20333518,21951144,24423253,28252941,34559032,43983632,56606324,71187413,84919848,94260156,96807637,92701905,83942351,73264134,62988460,54615938,48544171,44751235,42371817,41991408,45041749,50091454,56849720,56144318,52662482,50568329,36721813,26440662,19904900,13191359,9134552,6944823,4899163,86089316,0,0,0,0,0,0,0,0,0,0,0,0,0,0,0,0,0,0,0,0,0,0,0,0,0,0,0,0,0,0,0,0,0,0,0,0,0,0,0,0,0,0,0,1724023648.9113986|1901099660,1586964617.4419916|1901024062,1446501723.5682378|1900948464,1307608119.0555804|1900872866,1181231199.4662638|1900797268,1089082846.8463054|1900721670,1007818716.4894989|1900646072,931365622.6700453|1900570474,860502033.9955211|1900494876,794806671.4039552|1900419278,734307561.8781786|1900343680,679058408.1638561|1900268082,628969932.3798028|1900192484,584730642.1698765|1900116886,545868915.4117475|1900041288,512128774.9481628|1899965690,483217685.5822022|1899890092,458331342.31225646|1899814494,436580669.7126811|1899738896,417770118.65082407|1899663298,401247189.4324853|1899587700,386515374.07195413|1899512102,373764138.3250939|1899436504,362905600.06195873|1899360906,353312534.485973|1899285308,345275422.7159152|1899209710,338673684.54906964|1899134112,332979888.7801385|1899058514,328175791.01252043|1898982916,324007095.92799366|1898907318,320122506.7737339|1898831720,316301907.10966116|1898756122,312607269.1017578|1898680524,309094041.49514|1898604926,305651910.4641157|1898529328,302710060.45976406|1898453730,300087540.9879344|1898378132,298007966.45005107|1898302534,296346748.30314416|1898226936,294967527.4070329|1898151338,293706236.8770648|1898075740,292281121.69144785|1898000142,290457887.7218069|1897924544,288651812.04996157|1897848946,286671121.0317783|1897773348,284597589.0522241|1897697750,282527546.63147885|1897622152,280821460.4859107|1897546554,279209395.4377894|1897470956,277565950.3220935|1897395358,276213697.4381978|1897319760,274929805.5311937|1897244162,273640554.9058143|1897168564,272330589.34160846|1897092966,270963618.23914057|1897017368,269689151.2186502|1896941770,268413028.05263686|1896866172,267158357.73000786|1896790574,265971490.76205418|1896714976,264802017.01062208|1896639378,263571759.16451567|1896563780,262288370.6880337|1896488182,260964138.0532063|1896412584,259628661.27252948|1896336986,258428824.31638622|1896261388,257356426.18222246|1896185790,256436375.86751896|1896110192,255751626.36890694|1896034594,255179225.55987486|1895958996,254687737.5993292|1895883398,254250913.85334656|1895807800,253845389.09646323|1895732202,253285719.6460328|1895656604,252628107.13513055|1895581006,252022394.62970075|1895505408,251365007.7413436|1895429810,250692265.3196836|1895354212,250202584.60335562|1895278614,249855292.1431526|1895203016,249626479.3647316|1895127418,249445046.25360447|1895051820,249355122.1358132|1894976222,249326712.29556313|1894900624,249273690.14786947|1894825026,249252296.60357022|1894749428,249121101.99779165|1894673830,248843794.62041715|1894598232,248524392.2208856|1894522634,248007538.78712273|1894447036,247430666.77860343|1894371438,246609576.01183164|1894295840,245721888.68074512|1894220242,244569885.98724857|1894144644,243295154.47588786|1894069046,242102840.11321434|1893993448,240905140.1773003|1893917850,239785148.83353943|1893842252,238849565.6719314|1893766654,237923603.28802574|1893691056,237042904.11609617|1893615458
17,78006,0,1965,453534,3688009,10143161,15953322,19602307,22327924,21351477,19665882,18311589,17425328,16921916,16779765,16963464,17495895,18434894,19788628,21723440,24637401,29202374,36831442,48355959,63901975,81972381,99034952,110637101,113808147,108829113,98086690,84972051,72321559,61990796,54510589,49810803,46761669,45956701,49308203,55203626,63495185,63381813,60073142,58362572,42534913,30716217,23199607,15330304,10584940,8055112,5674012,99570220,0,0,0,0,0,0,0,0,0,0,0,0,0,0,0,0,0,0,0,0,0,0,0,0,0,0,0,0,0,0,0,0,0,0,0,0,0,0,0,0,0,0,0,1885214824.3451464|2094066063,1728635310.372059|2093988057,1569568893.7543263|2093910051,1413675565.4854658|2093832045,1273813042.636769|2093754039,1175427334.422577|2093676033,1090265678.7619066|2093598027,1010567049.7491935|2093520021,936947727.3075601|2093442015,868791897.5636021|2093364009,806147452.3323615|2093286003,749037877.0498424|2093207997,697389261.2962941|2093129991,652015125.5792593|2093051985,612421305.8656166|2092973979,578214371.1913232|2092895973,549120317.1258982|2092817967,524282683.4459875|2092739961,502658579.9292756|2092661955,484075697.4152801|2092583949,467794634.0521987|2092505943,453248229.4191548|2092427937,440651147.88001525|2092349931,429952383.70826983|2092271925,420495338.2696959|2092193919,412581843.15220386|2092115913,406149873.74208605|2092037907,400625548.52628577|2091959901,396021926.5574684|2091881895,392055713.5354075|2091803889,388313354.7967884|2091725883,384587892.0299302|2091647877,380924969.9577456|2091569871,377389400.4394269|2091491865,373895641.5346132|2091413859,370912693.5561394|2091335853,368256604.33548766|2091257847,366181026.5357643|2091179841,364581293.8832094|2091101835,363259644.99354213|2091023829,362043978.0474528|2090945823,360655402.408774|2090867817,358796684.4389293|2090789811,356964806.1368437|2090711805,354944038.8979675|2090633799,352790824.81713545|2090555793,350627219.67132473|2090477787,348858692.69060576|2090399781,347193649.33456475|2090321775,345470522.66104364|2090243769,344089535.3681097|2090165763,342783938.69369346|2090087757,341457414.47943586|2090009751,340100327.23238516|2089931745,338664674.408685|2089853739,337351944.6016614|2089775733,336056542.46027577|2089697727,334764071.7851587|2089619721,333537254.1505618|2089541715,332328031.5318417|2089463709,331042915.4012923|2089385703,329712194.09095633|2089307697,328353418.12217534|2089229691,326962934.4459814|2089151685,325704784.45994645|2089073679,324564642.94792277|2088995673,323544542.2663744|2088917667,322767439.9385378|2088839661,322091675.41784114|2088761655,321501619.52959764|2088683649,320978352.383155|2088605643,320507640.55396235|2088527637,319845432.46592605|2088449631,319087473.3431154|2088371625,318391774.76221395|2088293619,317617114.0226797|2088215613,316815901.20550174|2088137607,316211876.14348185|2088059601,315766100.80670714|2087981595,315424809.57042843|2087903589,315105512.91341966|2087825583,314895586.2421001|2087747577,314786353.12273157|2087669571,314644129.09122837|2087591565,314582886.3442336|2087513559,314406949.7710743|2087435553,314068461.4032441|2087357547,313688211.5209101|2087279541,313103064.5169897|2087201535,312478762.5173809|2087123529,311560429.316437|2087045523,310612960.5018896|2086967517,309384411.03730065|2086889511,307985706.3035256|2086811505,306702164.12901735|2086733499,305418966.08520144|2086655493,304208005.64962244|2086577487,303193420.63002586|2086499481,302201499.38606|2086421475,301231693.4910537|2086343469
18,69861,0,1421,321659,2442463,6867182,11174460,14136107,16645760,16138188,14995847,14084865,13503009,13230957,13236198,13507814,14122365,15097178,16493087,18432717,21347980,25930004,33695095,45581327,61740680,80664068,98618238,110911574,114446082,109451372,98435130,84805290,71584414,60714115,52779663,47750103,44334093,43052858,45906914,51403048,59606452,59889039,57240280,56165889,41043511,29689008,22484487,14807314,10217030,7775143,5463803,95696870,0,0,0,0,0,0,0,0,0,0,0,0,0,0,0,0,0,0,0,0,0,0,0,0,0,0,0,0,0,0,0,0,0,0,0,0,0,0,0,0,0,0,0,1768984855.6478174|1977592290,1616745774.3912692|1977522429,1463534727.4701188|1977452568,1314951815.285746|1977382707,1183774022.7005665|1977312846,1095321117.3744388|1977242985,1020522338.3384829|1977173124,950905296.4320444|1977103263,886821304.5351658|1977033402,827586717.7824869|1976963541,773232342.2076361|1976893680,723811490.8959051|1976823819,679239033.095481|1976753958,640363415.8168863|1976684097,606651458.1143428|1976614236,577677425.5513204|1976544375,553223741.3161017|1976474514,532501412.77446264|1976404653,514560738.3857269|1976334792,499203081.7379514|1976264931,485786260.2310847|1976195070,473776632.854357|1976125209,463360402.01192117|1976055348,454492613.80278593|1975985487,446614829.1698661|1975915626,440008865.73288196|1975845765,434670797.90699303|1975775904,430101329.4108579|1975706043,426334622.6403927|1975636182,423112280.96678495|1975566321,420040957.4265952|1975496460,416965933.3502307|1975426599,413913079.3132148|1975356738,410906042.3227497|1975286877,407936835.29504645|1975217016,405391443.7768492|1975147155,403090725.31070626|1975077294,401314161.6829935|1975007433,399958072.8125763|1974937572,398814348.79625326|1974867711,397762179.4726779|1974797850,396570287.28078026|1974727989,394927242.5068403|1974658128,393315841.18665195|1974588267,391550402.0769422|1974518406,389634877.6212144|1974448545,387706882.3263667|1974378684,386144488.3472121|1974308823,384655166.71467674|1974238962,383086489.9815701|1974169101,381843664.4874321|1974099240,380639899.07879287|1974029379,379435087.8153485|1973959518,378213555.74298185|1973889657,376881719.52383876|1973819796,375697884.16639036|1973749935,374511235.4486406|1973680074,373307974.1801349|1973610213,372186888.89809096|1973540352,371099225.4435028|1973470491,369951412.1837346|1973400630,368782018.1391894|1973330769,367625953.6649683|1973260908,366401352.392457|1973191047,365288943.9496031|1973121186,364269126.6300064|1973051325,363308913.1652276|1972981464,362533822.85692006|1972911603,361858627.48063415|1972841742,361232525.2652175|1972771881,360656348.3697439|1972702020,360140417.7421861|1972632159,359451228.6008665|1972562298,358667474.6219224|1972492437,357959132.5689901|1972422576,357189707.4995959|1972352715,356367692.3477727|1972282854,355716382.83177966|1972212993,355176649.7981162|1972143132,354735928.49422765|1972073271,354307652.4624624|1972003410,353946701.2320906|1971933549,353712489.2583065|1971863688,353455990.42460227|1971793827,353271187.6092675|1971723966,353002455.06116134|1971654105,352611564.69521266|1971584244,352182639.44172645|1971514383,351563873.32998484|1971444522,350940034.14556|1971374661,350054208.2861635|1971304800,349188494.3837942|1971234939,348123007.9570904|1971165078,346895716.92776185|1971095217,345794253.6484405|1971025356,344688670.545219|1970955495,343623086.6517759|1970885634,342749260.3544421|1970815773,341867259.3560014|1970745912,341001875.2295849|1970676051
19,44074,0,861,163581,1114877,3158949,5284656,6866524,8341527,8181818,7666288,7250277,7002397,6916099,6974755,7202817,7638447,8295956,9222878,10473490,12334444,15251582,20252963,28030534,38730958,51467087,63687925,72228057,74921143,71847665,64694495,55682862,46817198,39495732,34148164,30768854,28449740,27511818,29383594,33188093,39072959,39715146,38401304,38130482,27974860,20299713,15396167,10110467,6952428,5289287,3711659,64642256,0,0,0,0,0,0,0,0,0,0,0,0,0,0,0,0,0,0,0,0,0,0,0,0,0,0,0,0,0,0,0,0,0,0,0,0,0,0,0,0,0,0,0,1120862138.0756073|1260301759,1023866389.3807886|1260257685,926818597.6582454|1260213611,833420423.4976181|1260169537,751955351.3902014|1260125463,698869816.8009399|1260081389,654945068.67819|1260037315,614279745.545314|1259993241,576988006.6341791|1259949167,542569021.2223082|1259905093,511063261.3670516|1259861019,482487943.64204055|1259816945,456778465.69881016|1259772871,434484719.97885656|1259728797,415255022.6831333|1259684723,398809468.47537786|1259640649,385053667.93943334|1259596575,373492738.4028168|1259552501,363552939.30346864|1259508427,355107979.5245751|1259464353,347728796.4003381|1259420279,341074931.5219204|1259376205,335250299.7512456|1259332131,330291386.16890794|1259288057,325857803.7620965|1259243983,322144138.2669627|1259199909,319164420.3432846|1259155835,316603646.503727|1259111761,314507137.34437585|1259067687,312720472.6983364|1259023613,310991922.49424136|1258979539,309240576.4774228|1258935465,307495364.23580545|1258891391,305710756.3862655|1258847317,303948951.2380108|1258803243,302408458.97417724|1258759169,300989775.8339358|1258715095,299882787.1999732|1258671021,299060138.09004486|1258626947,298354947.08380544|1258582873,297704150.0405159|1258538799,296990986.65509915|1258494725,295981706.350723|1258450651,295002810.07080096|1258406577,293923805.44690406|1258362503,292751293.13395894|1258318429,291574869.62927896|1258274355,290627889.5081526|1258230281,289705736.51807696|1258186207,288751361.1423034|1258142133,288002151.05288005|1258098059,287274793.5940809|1258053985,286552514.0647804|1258009911,285826017.9174502|1257965837,285014983.49726254|1257921763,284291656.39335567|1257877689,283576906.8715277|1257833615,282823787.34055364|1257789541,282138876.38677305|1257745467,281478800.8022466|1257701393,280790953.2135656|1257657319,280101230.3674595|1257613245,279463567.845242|1257569171,278748459.63248193|1257525097,278108395.91352916|1257481023,277503237.1157731|1257436949,276893521.51727664|1257392875,276371946.6635258|1257348801,275924753.1298514|1257304727,275494195.7580458|1257260653,275074218.5917592|1257216579,274669061.5007881|1257172505,274160683.1282018|1257128431,273608410.40597427|1257084357,273128419.751895|1257040283,272617536.32872355|1256996209,272091542.64009523|1256952135,271649862.3707709|1256908061,271261723.7928279|1256863987,270942296.20725036|1256819913,270608595.6950813|1256775839,270278868.09319973|1256731765,270047587.86694145|1256687691,269799423.40379196|1256643617,269572595.85931003|1256599543,269293659.0716395|1256555469,268974305.4358289|1256511395,268633309.726842|1256467321,268197093.6362803|1256423247,267782481.28236592|1256379173,267210456.98052922|1256335099,266666126.5796322|1256291025,266010686.62437317|1256246951,265249626.00341573|1256202877,264568346.35700482|1256158803,263880644.4461423|1256114729,263217342.14837822|1256070655,262666056.90450773|1256026581,262098885.86982572|1255982507,261539509.78437555|1255938433
20,17227,0,234,51172,306068,848857,1452937,1930213,2415740,2407782,2276243,2167374,2105313,2099348,2140372,2233522,2402806,2659913,3013425,3478060,4162689,5224822,7078549,9981543,14055963,18962317,23726657,27125593,28292077,27223351,24531568,21097824,17683523,14850486,12785156,11501639,10621512,10272690,11041116,12642205,15180940,15671765,15379579,15477656,11429071,8326555,6302433,4121802,2825645,2148401,1501141,25907553,0,0,0,0,0,0,0,0,0,0,0,0,0,0,0,0,0,0,0,0,0,0,0,0,0,0,0,0,0,0,0,0,0,0,0,0,0,0,0,0,0,0,0,416417134.14467883|471105973,380378198.6108778|471088746,344526647.4760904|471071519,310278641.68065095|471054292,280786273.83732766|471037065,262247124.6000747|471019838,247276687.78376883|471002611,233491617.9900675|470985384,220901889.6292664|470968157,209312425.54736316|470950930,198734343.44283202|470933703,189165654.15731275|470916476,180584598.80581474|470899249,173189033.70183235|470882022,166820284.71036208|470864795,161412170.8976127|470847568,156938707.832548|470830341,153210730.34883335|470813114,150023716.17525405|470795887,147342101.87172043|470778660,144993413.59432822|470761433,142836324.51128626|470744206,140939193.80067697|470726979,139314478.22332394|470709752,137843987.35764948|470692525,136617324.28495124|470675298,135644526.06940606|470658071,134804344.226997|470640844,134118470.91396792|470623617,133531796.47553481|470606390,132964726.7726564|470589163,132392793.13471518|470571936,131792021.25344346|470554709,131173494.10814515|470537482,130561782.32126664|470520255,130009755.29792829|470503028,129495979.39877616|470485801,129091564.74681026|470468574,128794498.9200778|470451347,128541533.4250737|470434120,128313086.5286927|470416893,128059985.17417532|470399666,127689885.79075195|470382439,127336557.85663623|470365212,126946972.04642582|470347985,126526011.88060686|470330758,126104685.82283719|470313531,125773207.78588422|470296304,125452305.97254166|470279077,125109313.76828383|470261850,124833982.38180184|470244623,124572423.34598172|470227396,124314526.90789351|470210169,124046127.93209803|470192942,123746155.85729094|470175715,123485997.9246471|470158488,123210861.35811639|470141261,122911845.24581699|470124034,122647148.80030979|470106807,122390628.49246822|470089580,122117062.74809204|470072353,121840469.61111352|470055126,121576675.40760563|470037899,121273333.82943869|470020672,120994123.2318207|470003445,120736207.94339174|469986218,120484284.18717447|469968991,120264709.9786775|469951764,120086940.47368726|469934537,119917702.04035434|469917310,119742584.42399475|469900083,119568477.95249258|469882856,119365577.16584808|469865629,119137151.41079968|469848402,118946085.57001802|469831175,118761609.33090372|469813948,118573526.1402257|469796721,118412578.1893252|469779494,118262267.33985941|469762267,118145068.39531597|469745040,118014592.19039255|469727813,117886803.07146165|469710586,117802564.21106166|469693359,117703456.30983075|469676132,117593151.21696499|469658905,117455256.49300504|469641678,117298910.27688581|469624451,117157274.63735966|469607224,116985006.64827275|469589997,116833179.783182|469572770,116626386.07670741|469555543,116412754.5066973|469538316,116154325.33935088|469521089,115841689.61280209|469503862,115557811.76244634|469486635,115270809.3405939|469469408,114994363.1128585|469452181,114767567.6214407|469434954,114528040.06959781|469417727,114285890.60897808|469400500
21,4701,0,29,12079,59238,155990,266898,363520,470829,473958,453414,434674,428523,429367,440828,467892,514216,577101,668897,786299,956538,1219018,1684282,2419456,3451526,4708742,5947274,6842561,7155179,6895127,6202946,5320535,4455196,3734232,3219498,2897400,2682705,2612815,2852037,3337735,4123960,4344754,4340400,4439741,3310942,2418503,1827191,1189686,814493,616138,429337,7349597,0,0,0,0,0,0,0,0,0,0,0,0,0,0,0,0,0,0,0,0,0,0,0,0,0,0,0,0,0,0,0,0,0,0,0,0,0,0,0,0,0,0,0,105950310.57020742|120798595,96862660.14080165|120793894,87852572.36607312|120789193,79316765.44911258|120784492,72054988.95656212|120779791,67640845.48020242|120775090,64168333.11841044|120770389,60988714.824245386|120765688,58104653.34087059|120760987,55446420.78425254|120756286,53024951.66090514|120751585,50843063.685570255|120746884,48884396.441252545|120742183,47196677.84305585|120737482,45748246.20826169|120732781,44524917.06356311|120728080,43523571.31202578|120723379,42692803.700637445|120718678,41987938.54226094|120713977,41400420.14235313|120709276,40878254.0651823|120704575,40402828.81975262|120699874,39972214.38916386|120695173,39602642.39568473|120690472,39270382.76532412|120685771,38989898.174592204|120681070,38778347.17803411|120676369,38599350.62775139|120671668,38457665.58852084|120666967,38333182.89603531|120662266,38210690.16144989|120657565,38072420.35439466|120652864,37923110.39198783|120648163,37766314.25320745|120643462,37608884.5732837|120638761,37470877.00376195|120634060,37338390.97474405|120629359,37230525.102124386|120624658,37157473.44887126|120619957,37096920.57231674|120615256,37037446.33256961|120610555,36980216.04608887|120605854,36886785.67818516|120601153,36805438.24110236|120596452,36714681.47599388|120591751,36613451.41380929|120587050,36509828.84060724|120582349,36424392.11777283|120577648,36345511.78199972|120572947,36250637.13252266|120568246,36183951.93219487|120563545,36119198.54627013|120558844,36055667.92592917|120554143,35994388.80310842|120549442,35914868.19465083|120544741,35850258.77240568|120540040,35774450.41909213|120535339,35700070.40207318|120530638,35633607.22724504|120525937,35568477.9378986|120521236,35501631.65962492|120516535,35429923.092204645|120511834,35367551.38252009|120507133,35289231.62217108|120502432,35222689.93024044|120497731,35156413.559144005|120493030,35084884.641725615|120488329,35024135.812133715|120483628,34969005.39957452|120478927,34921733.65421198|120474226,34870811.90523368|120469525,34823660.14954704|120464824,34761260.08208665|120460123,34694536.45652512|120455422,34642210.04240412|120450721,34596002.37026418|120446020,34548420.54037373|120441319,34508959.875010714|120436618,34471472.02148253|120431917,34441870.15332593|120427216,34397304.53683179|120422515,34358053.06768311|120417814,34332182.17930835|120413113,34302817.1757794|120408412,34278130.74100274|120403711,34242751.80626293|120399010,34199626.283316724|120394309,34160515.38198542|120389608,34109694.87730693|120384907,34069906.00743594|120380206,34010100.28587317|120375505,33954834.095405385|120370804,33879675.25409868|120366103,33789286.88421885|120361402,33710211.78871904|120356701,33624929.37082763|120352000,33545499.05914412|120347299,33483773.643356003|120342598,33416620.94219582|120337897,33350475.969241004|120333196
22,1110,0,8,2419,10578,26413,44411,61671,83872,84515,81573,79501,77525,78601,81962,88642,99087,115421,136411,161850,199412,257507,361222,527126,764953,1056674,1346917,1554779,1627543,1573953,1417005,1214612,1013983,851779,733183,663827,616732,606236,675974,810472,1031127,1106290,1118640,1161011,869276,636833,485132,313968,214857,162251,113530,1927372,0,0,0,0,0,0,0,0,0,0,0,0,0,0,0,0,0,0,0,0,0,0,0,0,0,0,0,0,0,0,0,0,0,0,0,0,0,0,0,0,0,0,0,24641676.673455525|28327434,22585269.30616492|28326325,20556191.981725983|28325216,18642835.892657995|28324107,17031036.27278117|28322998,16081222.579696214|28321889,15354541.662850076|28320780,14690937.516209036|28319671,14090396.217884544|28318562,13538450.464322539|28317453,13035372.961847072|28316344,12583411.062780414|28315235,12178429.080796547|28314126,11830093.058945715|28313017,11531470.86885989|28311908,11278251.744419726|28310799,11076886.215604631|28309690,10912546.327366475|28308581,10771072.611394119|28307472,10655152.372138193|28306363,10552523.807322923|28305254,10455386.137342697|28304145,10367953.51539072|28303036,10295437.590262432|28301927,10227726.387243195|28300818,10169936.849993812|28299709,10123607.076719398|28298600,10085422.345303828|28297491,10055275.492921108|28296382,10029210.438888563|28295273,10003099.233155029|28294164,9975742.52810592|28293055,9945955.558962012|28291946,9916058.687420528|28290837,9883241.99133372|28289728,9854537.222778525|28288619,9825553.359590417|28287510,9802445.8252712|28286401,9785738.294560656|28285292,9771728.653350402|28284183,9758461.772478163|28283074,9742850.335291086|28281965,9720421.357226547|28280856,9702775.452946538|28279747,9678881.409514133|28278638,9653731.792686671|28277529,9624727.328362793|28276420,9601770.823524442|28275311,9582707.368101291|28274202,9557624.0663179|28273093,9542648.22911498|28271984,9527737.260879902|28270875,9514575.781838933|28269766,9498941.260349436|28268657,9481246.434291918|28267548,9463856.424367588|28266439,9445608.572050756|28265330,9427187.913201004|28264221,9411433.280970708|28263112,9395246.263957404|28262003,9379769.094385108|28260894,9363038.006885849|28259785,9349975.56999512|28258676,9327654.446891224|28257567,9310439.492116367|28256458,9295932.028446639|28255349,9281869.485597022|28254240,9266034.166452505|28253131,9254485.97087748|28252022,9242748.903839417|28250913,9229888.528034577|28249804,9217727.996148596|28248695,9201614.634753063|28247586,9185213.273053952|28246477,9171627.444928836|28245368,9160092.402933147|28244259,9146334.835126271|28243150,9133908.778666915|28242041,9121735.051248211|28240932,9109491.224263899|28239823,9097058.597913802|28238714,9087252.612416329|28237605,9084629.49512674|28236496,9078399.84775367|28235387,9073308.536181664|28234278,9061345.252352841|28233169,9050964.940609941|28232060,9040892.045216154|28230951,9027433.562299255|28229842,9018768.968151925|28228733,9003622.392547948|28227624,8990493.456017768|28226515,8973166.309751362|28225406,8948085.80372807|28224297,8929552.358906653|28223188,8907888.044536723|28222079,8889348.791950734|28220970,8875419.316337561|28219861,8860823.585347326|28218752,8844891.655910049|28217643
23,182,0,1,343,1288,2725,5064,7231,9953,10740,10107,9553,9756,9866,10321,11534,12935,15230,18621,22110,26824,34406,48308,69886,101226,140808,181507,210998,222699,214421,195215,167788,142001,120493,105466,97150,91950,92904,108098,136770,183851,201986,209228,222570,167396,123866,93433,60577,41264,31173,21937,366779,0,0,0,0,0,0,0,0,0,0,0,0,0,0,0,0,0,0,0,0,0,0,0,0,0,0,0,0,0,0,0,0,0,0,0,0,0,0,0,0,0,0,0,3769194.385457371|4400174,3469464.3806390385|4399992,3172279.12261517|4399810,2890556.151461831|4399628,2650000.423141825|4399446,2506092.0022561424|4399264,2394589.53952113|4399082,2292511.438222116|4398900,2201980.143964107|4398718,2119978.54171748|4398536,2045579.4594175355|4398354,1980753.2242093065|4398172,1921560.2451008374|4397990,1872442.1771972973|4397808,1829933.3700047093|4397626,1794169.7890220957|4397444,1764802.2126782478|4397262,1740355.000393222|4397080,1720723.1048297717|4396898,1703673.01731793|4396716,1689309.059112819|4396534,1675702.4444066237|4396352,1663839.5391976226|4396170,1654999.006847686|4395988,1645559.383935413|4395806,1639103.107319305|4395624,1633952.5473715726|4395442,1628457.6617852224|4395260,1623669.5787687679|4395078,1619589.8474123538|4394896,1615694.0017078724|4394714,1610074.9406544378|4394532,1605414.5863432323|4394350,1599604.1251957228|4394168,1594023.822016805|4393986,1589200.3141609672|4393804,1584739.3360360533|4393622,1581049.4148563596|4393440,1578651.422970195|4393258,1577335.649596389|4393076,1575782.9529401513|4392894,1574226.2227212007|4392712,1570867.0996202664|4392530,1567887.5207933756|4392348,1564361.2603062813|4392166,1560861.4023218425|4391984,1556743.335833292|4391802,1554400.308353048|4391620,1552524.0438918911|4391438,1547999.1524654743|4391256,1544626.6028426415|4391074,1542065.9752274656|4390892,1539700.2870819375|4390710,1536877.8777500554|4390528,1533992.7471596708|4390346,1531527.5702797119|4390164,1528750.86466828|4389982,1526979.274290277|4389800,1524610.6101695304|4389618,1522393.9475429717|4389436,1519658.783694901|4389254,1516124.8707776454|4389072,1513108.7509290027|4388890,1509426.9969885491|4388708,1506630.7834552012|4388526,1504150.8322580252|4388344,1502615.3351080054|4388162,1500923.9041070093|4387980,1500696.0752256326|4387798,1499906.6866320814|4387616,1499607.7987384633|4387434,1498340.6415626295|4387252,1495488.9338020438|4387070,1491687.1143830426|4386888,1488820.7378455221|4386706,1486355.9506472682|4386524,1482953.2377440473|4386342,1481071.277631625|4386160,1478318.6595010662|4385978,1476516.0265943138|4385796,1474453.4787709087|4385614,1473981.350263264|4385432,1474429.2311891024|4385250,1474187.2168421557|4385068,1474922.527520886|4384886,1475943.8796251372|4384704,1473996.949780438|4384522,1473426.5660639075|4384340,1470778.9773814206|4384158,1468780.2117374826|4383976,1465189.0233824656|4383794,1462740.368945525|4383612,1458194.5327742333|4383430,1454199.6312539708|4383248,1450838.0106129062|4383066,1446794.0501297535|4382884,1443533.3985248536|4382702,1439466.3581329286|4382520,1437505.318708069|4382338,1434126.5358689567|4382156
24,23,0,0,26,107,220,376,445,651,766,721,709,683,693,749,825,896,991,1184,1308,1597,1865,2305,3096,4341,6208,7632,8422,8912,8973,8546,8071,7165,6610,6468,6590,6927,7630,10109,14181,20719,23668,25403,27325,21136,15929,12012,7807,5370,4087,2767,46165,0,0,0,0,0,0,0,0,0,0,0,0,0,0,0,0,0,0,0,0,0,0,0,0,0,0,0,0,0,0,0,0,0,0,0,0,0,0,0,0,0,0,0,285665.88983812666|359363,260378.13391096846|359340,235229.20885025858|359317,210823.60065572127|359294,189253.3072360494|359271,174436.98492753453|359248,162147.6047941927|359225,150557.39118563628|359202,140300.33509252264|359179,131074.6087870199|359156,123117.23783223947|359133,116837.07921302358|359110,110462.4725805557|359087,104656.6460175343|359064,99301.81744985153|359041,95356.75203272061|359018,92545.63896649881|358995,89888.40464329963|358972,88370.58150893926|358949,87145.85711991243|358926,86141.11488670364|358903,85223.90035244629|358880,84668.36556647308|358857,84052.64277157857|358834,82930.71903652349|358811,82590.49546755894|358788,82425.65651223183|358765,82344.11642019122|358742,81816.57094997836|358719,81329.46447661097|358696,81196.56205731997|358673,80658.76681463554|358650,79884.53951754366|358627,79613.48518296647|358604,78761.10111870003|358581,78357.77751062966|358558,76975.31441564832|358535,76342.57712401409|358512,76059.60905388382|358489,75973.69062206821|358466,75966.45294201554|358443,75912.29085696419|358420,75145.0006795897|358397,75004.898424283|358374,74747.2891478398|358351,74285.74342659232|358328,73414.94986278369|358305,72585.09090453423|358282,72161.34074854187|358259,70870.67120352088|358236,70335.24159244735|358213,70192.91327450942|358190,70406.68800326684|358167,70341.7899388762|358144,69785.34187750847|358121,70106.002101977|358098,69642.09531096058|358075,69683.19231837086|358052,69674.35930965446|358029,69492.11451850153|358006,69414.58915049328|357983,69338.50384658913|357960,69725.38965261148|357937,70109.79704062203|357914,70654.38273274423|357891,70601.66964827286|357868,70599.30381944712|357845,70259.4487783222|357822,69918.26971612545|357799,70058.25160427156|357776,69945.47241793992|357753,69610.47732103987|357730,69436.35320188914|357707,69445.81755155565|357684,69624.28794540258|357661,70370.84012438673|357638,70976.15429712599|357615,70916.49016644972|357592,70880.09565661008|357569,70892.65152258892|357546,70786.31100383365|357523,70923.44529943225|357500,72109.00844015104|357477,72599.59033756064|357454,73565.09294968996|357431,73720.40754726132|357408,73559.98608917759|357385,73856.0332355197|357362,73300.10426436223|357339,73560.05789192038|357316,72568.91951584975|357293,72015.99868140473|357270,71016.49513200765|357247,69509.84165821443|357224,68942.17720811679|357201,68284.93999581947|357178,67768.19349900282|357155,68319.80001278291|357132,68263.18328758223|357109,67951.64334754208|357086
25,4,0,0,3,16,26,42,75,92,153,99,104,107,108,113,106,136,114,118,133,147,152,135,205,229,269,280,304,352,403,414,442,492,555,658,666,746,994,1604,2504,4047,4805,5310,5962,4532,3450,2693,1742,1083,867,576,10016,0,0,0,0,0,0,0,0,0,0,0,0,0,0,0,0,0,0,0,0,0,0,0,0,0,0,0,0,0,0,0,0,0,0,0,0,0,0,0,0,0,0,0,41862.07699897544|58175,37483.00073395594|58171,32951.52384869293|58167,28719.81826442245|58163,24776.66121364377|58159,22208.526986828732|58155,19934.542550047147|58151,17680.387256649985|58147,15554.81082580981|58143,13766.224573816118|58139,11802.68634155222|58135,10316.165966356066|58131,8991.244575599037|58127,7947.942488086593|58123,7196.961575638814|58119,6390.60536417398|58115,5687.541244772565|58111,5129.479821285394|58107,4751.082432722627|58103,4420.866308674017|58099,4416.803948034678|58095,4293.436478001801|58091,4192.798818921327|58087,4003.5985979383827|58083,3879.749690456272|58079,3701.097443200111|58075,3520.8710957482695|58071,3306.5783059809946|58067,3298.400669619453|58063,3146.48037751045|58059,3092.5433903220096|58055,3120.198586216682|58051,2922.6366041170277|58047,2820.7592380943097|58043,2805.1881091905466|58039,2858.5074078359244|58035,2790.81195464192|58031,2788.2856168248836|58027,2754.624293191555|58023,2731.714687383923|58019,2643.5762463616884|58015,2491.4027252812716|58011,2387.430730448212|58007,2345.6261143079023|58003,2442.750111067353|57999,2523.3018443499195|57995,2411.064968233898|57991,2357.1390879078594|57987,2239.6419824762033|57983,2191.20848937726|57979,2509.9304915492494|57975,2763.1804298001794|57971,2919.3743773947353|57967,2845.27947091948|57963,2916.9242204230522|57959,2895.200442274045|57955,2832.9027949227807|57951,2760.373061325815|57947,2669.1994830816016|57943,2725.3974266454907|57939,2562.292827253666|57935,2423.74530534092|57931,2390.9406266375713|57927,2219.018556113332|57923,2054.037827067102|57919,1908.0332991843602|57915,1790.822310464823|57911,1797.0932489119225|57907,1584.9162336405245|57903,1633.050535615255|57899,1624.3516347814316|57895,1522.329814266627|57891,1472.1872286014213|57887,1513.8475772100985|57883,1644.387280806566|57879,1602.7810123275672|57875,1476.5296001643017|57871,1419.6181311988994|57867,1259.4044361329331|57863,1034.6691474411105|57859,965.2999992735873|57855,1117.0686000266182|57851,1181.1481406341088|57847,1346.510200822357|57843,1366.2180445621634|57839,1463.387520535061|57835,1420.7181962473037|57831,1495.9677777547513|57827,1561.5387375121297|57823,1400.8594950842544|57819,1299.6025395577083|57815,1187.4717344432743|57811,1224.8506708402904|57807,1254.9676327078107|57803,1388.7931094959765|57799,1507.6058132606772|57795,1757.275877830907|57791,1883.065094948126|57787,1712.9624829671714|57783,1736.3743304360264|57779
26,1,0,0,0,0,0,0,0,0,0,0,0,0,0,6,9,2,4,4,2,1,1,2,2,7,5,8,5,9,9,6,7,10,5,6,15,9,8,12,22,36,38,43,37,24,31,14,9,3,5,2,66,0,0,0,0,0,0,0,0,0,0,0,0,0,0,0,0,0,0,0,0,0,0,0,0,0,0,0,0,0,0,0,0,0,0,0,0,0,0,0,0,0,0,0,378.2925489733037|483,337.5774392457025|482,284.5547339822064|481,239.134455712225|480,198.158456347836|479,156.14050882523327|478,125.51323355088978|477,100.60601809766385|476,100.60000357714696|475,84.06302912605341|474,83.95380672509049|473,81.71279072397064|472,86.67422474049177|471,86.36212170657274|470,74.47135319121698|469,62.91869574580281|468,47.13283229638568|467,37.77674098757999|466,18.968138978329737|465,-3.3756867040094227|464,-27.405550347421084|463,-38.020538647655094|462,-48.628868733701026|461,-49.715626795738174|460,-38.70892474897096|459,-37.606751478779074|458,-23.820061021033002|457,-15.373830586440244|456,-2.885956016192348|455,6.930335485839454|454,17.422253794270745|453,24.185880173620788|452,18.62359472987564|451,15.04049301733337|450,5.609997638087588|449,-1.746351492522848|448,-0.9938506707865244|447,3.7430801682859824|446,6.03886259832166|445,21.80186445927132|444,29.166074579737153|443,33.09925887011041|442,42.8242919144487|441,47.326051475099185|440,52.55879093058623|439,40.6882595659199|438,38.89808198806712|437,30.825352464646684|436,28.856383476258756|435,25.21010523809228|434,7.8625738071101665|433,3.599104654544031|432,4.963854108991372|431,3.3506835585335546|430,1.181514810065577|429,-1.361253047525048|428,2.965738422976701|427,4.785950513798329|426,23.47342079872716|425,18.655848846107762|424,16.42472121918127|423,14.857156215823924|422,13.881677388380728|421,3.1404996285558564|420,0.13773836842114012|419,-8.299676430663453|418,-13.623251429517055|417,-12.908744561287048|416,-20.206877057244423|415,-25.141999237295085|414,-27.79356688040076|413,-30.212309671840654|412,-26.440206459059972|411,-22.095017714748412|410,-23.944010020086274|409,-29.04535384002522|408,-29.221986339157677|407,-37.4915492583247|406,-35.51924633808048|405,-40.79691612064506|404,-44.082373919128834|403,-44.92834853082698|402,-47.0870468171796|401,-43.035149074941124|400,-51.670723344057095|399,-51.08944060872226|398,-50.77130338217759|397,-51.554345600273194|396,-57.08663723380836|395,-52.19487184502445|394,-57.64263716471336|393,-60.88096121071072|392,-48.671085152491834|391,-47.39389723286914|390,-50.698375237005266|389,-62.48476886081683|388,-55.43513945034476|387,-55.930204289568756|386,-52.779245545520446|385,-49.15510823410271|384
27,1,0,0,0,0,0,0,0,0,0,0,0,1,0,3,1,0,0,0,1,0,2,0,1,6,5,1,0,0,3,0,2,6,3,4,3,1,4,5,9,21,18,14,12,18,13,6,6,7,1,1,37,0,0,0,0,0,0,0,0,0,0,0,0,0,0,0,0,0,0,0,0,0,0,0,0,0,0,0,0,0,0,0,0,0,0,0,0,0,0,0,0,0,0,0,152.45786815925638|214,127.10126238525817|213,107.80507617554916|212,79.95752000384608|211,65.82737969060159|210,47.203841620723445|209,23.60535247445814|208,33.102465543057505|207,34.39382117295698|206,26.456782323921228|205,28.988393852207544|204,12.951255430470606|203,6.121453868900451|202,12.680892633973869|201,0.5083150785731675|200,-4.9672687107231335|199,-5.073860526491591|198,-8.359094028177836|197,-3.891643515655195|196,-4.901303540000269|195,-7.284091015470765|194,-3.125732763342084|193,-6.012914657613543|192,-10.457540110184201|191,-4.240390529196927|190,-3.63533565449163|189,-0.3857298843999101|188,0.3538643522946319|187,2.979326312582349|186,11.633211315582507|185,14.467130951915724|184,17.309958439238766|183,19.892339741858986|182,18.176331786817418|181,10.480689982619587|180,13.353927903666822|179,3.1876941200518316|178,-3.986123092561544|177,-2.5522203090543134|176,-0.2541150546520253|175,5.122413757919431|174,14.781455762340123|173,10.688373176117006|172,21.34001231370416|171,19.810790572554527|170,13.87960764054385|169,10.802391724859095|168,0.322953857850904|167,-7.443184527486743|166,-8.3169025213788|165,-13.304590877623111|164,-13.862223224240639|163,-11.590369110594859|162,-18.707595530596695|161,-12.969755495392763|160,-13.38551443900066|159,-19.911138890146773|158,-17.116025394543346|157,-17.037858083945938|156,-13.574533470410502|155,-10.594955141091368|154,-11.54282946030242|153,-7.513056256608832|152,-1.4365894948734188|151,-5.481487777068398|150,-6.410641311517102|149,-1.0807631337563421|148,-4.5877836825974585|147,-6.206167595586448|146,-6.727263447000311|145,-8.898527154676465|144,-5.805427811526286|143,-6.350959796645769|142,-9.892075984555142|141,-12.5216255956716|140,-11.178516092171222|139,-11.447410635210653|138,-6.01506313907732|137,-8.745356035975014|136,-11.71557266276442|135,-12.303301446047218|134,-9.628234773376521|133,-8.96814408881346|132,-8.686120143669564|131,-8.252218237355455|130,-4.8327623083486415|129,-0.609285907121129|128,-0.9589214326752425|127,1.9826059007257968|126,-4.26868684711958|125,-4.305080681388384|124,-5.3531145891050445|123,-0.9714866599869347|122,-1.8889241464738187|121,-3.540636866742904|120,-5.184045123603776|119,-4.165197456100473|118,-3.270619279584982|117,-3.3569490399734834|116,-7.186078778795995|115
28,0,0,0,0,0,0,0,0,0,0,0,0,0,0,0,0,0,0,0,0,0,0,0,0,0,0,0,0,0,0,0,0,0,0,0,0,0,0,0,0,0,0,0,0,0,0,0,0,0,0,0,0,0,0,0,0,0,0,0,0,0,0,0,0,0,0,0,0,0,0,0,0,0,0,0,0,0,0,0,0,0,0,0,0,0,0,0,0,0,0,0,0,0,0,0,0|0,0|0,0|0,0|0,0|0,0|0,0|0,0|0,0|0,0|0,0|0,0|0,0|0,0|0,0|0,0|0,0|0,0|0,0|0,0|0,0|0,0|0,0|0,0|0,0|0,0|0,0|0,0|0,0|0,0|0,0|0,0|0,0|0,0|0,0|0,0|0,0|0,0|0,0|0,0|0,0|0,0|0,0|0,0|0,0|0,0|0,0|0,0|0,0|0,0|0,0|0,0|0,0|0,0|0,0|0,0|0,0|0,0|0,0|0,0|0,0|0,0|0,0|0,0|0,0|0,0|0,0|0,0|0,0|0,0|0,0|0,0|0,0|0,0|0,0|0,0|0,0|0,0|0,0|0,0|0,0|0,0|0,0|0,0|0,0|0,0|0,0|0,0|0,0|0,0|0,0|0,0|0,0|0,0|0,0|0,0|0,0|0,0|0,0|0,0|0
29,0,0,0,0,0,0,0,0,0,0,0,0,0,0,0,0,0,0,0,0,0,0,0,0,0,0,0,0,0,0,0,0,0,0,0,0,0,0,0,0,0,0,0,0,0,0,0,0,0,0,0,0,0,0,0,0,0,0,0,0,0,0,0,0,0,0,0,0,0,0,0,0,0,0,0,0,0,0,0,0,0,0,0,0,0,0,0,0,0,0,0,0,0,0,0,0|0,0|0,0|0,0|0,0|0,0|0,0|0,0|0,0|0,0|0,0|0,0|0,0|0,0|0,0|0,0|0,0|0,0|0,0|0,0|0,0|0,0|0,0|0,0|0,0|0,0|0,0|0,0|0,0|0,0|0,0|0,0|0,0|0,0|0,0|0,0|0,0|0,0|0,0|0,0|0,0|0,0|0,0|0,0|0,0|0,0|0,0|0,0|0,0|0,0|0,0|0,0|0,0|0,0|0,0|0,0|0,0|0,0|0,0|0,0|0,0|0,0|0,0|0,0|0,0|0,0|0,0|0,0|0,0|0,0|0,0|0,0|0,0|0,0|0,0|0,0|0,0|0,0|0,0|0,0|0,0|0,0|0,0|0,0|0,0|0,0|0,0|0,0|0,0|0,0|0,0|0,0|0,0|0,0|0,0|0,0|0,0|0,0|0,0|0,0|0
30,1,0,0,0,0,0,0,0,0,0,0,0,0,1,0,0,0,0,0,1,0,0,1,0,5,5,1,2,4,2,2,13,28,18,19,23,25,32,17,19,17,10,5,6,6,1,0,1,1,0,0,1,0,0,0,0,0,0,0,0,0,0,0,0,0,0,0,0,0,0,0,0,0,0,0,0,0,0,0,0,0,0,0,0,0,0,0,0,0,0,0,0,0,0,0,186.59250612173219|265,130.96094906910614|264,86.87744881861035|263,50.24559002771472|262,29.263067914878317|261,28.29842960330108|260,26.57351985044341|259,23.652580945904838|258,20.19949397133582|257,16.189887226988695|256,18.334546768432737|255,15.041800415338784|254,6.947839666638081|253,0.5828956360945134|252,-6.58231663952039|251,-8.094969392897921|250,-16.132484917717626|249,-21.467786480142003|248,-23.774828063234793|247,-33.94333016214203|246,-40.028635016401445|245,-35.53541556846855|244,-27.615729045014515|243,-14.672180961800333|242,-7.321350927133001|241,1.529746530158951|240,6.013761957274992|239,2.2894712787700535|238,2.0091832411793207|237,2.5802014244385694|236,3.695841695728381|235,12.67509419825465|234,20.060529350012523|233,19.92687488301923|232,29.588872645882226|231,39.56285750688196|230,35.43693859960972|229,38.48702322673738|228,35.69725928073433|227,35.18845741224097|226,25.647528358038006|225,25.926954961201833|224,21.423903128593228|223,17.232331116994928|222,9.430926809929296|221,5.423137754759866|220,8.488875595675918|219,7.440895749434683|218,8.497093718158771|217,7.616843747061603|216,4.254897987682237|215,-2.6433363853373866|214,-9.787511015472237|213,-10.552319069675217|212,-6.722791272111669|211,-8.453937710816549|210,-11.599322976151486|209,-11.849868199840863|208,-21.698410665179573|207,-25.50091000065673|206,-24.38158190922345|205,-17.622056602804133|204,-7.045220512462052|203,-1.1957270401925435|202,7.832719195784915|201,15.90332771000369|200,16.475560825030293|199,11.316233899860144|198,12.571856195932854|197,8.732967721251056|196,0.426118077287422|195,2.7923169876606644|194,4.527395518191519|193,3.7991867299100086|192,9.378939511255735|191,15.332515140700213|190,16.55212630900963|189,26.42884978149929|188,26.700243497025973|187,25.656189698287253|186,20.435813071942672|185,15.493259216213|184,6.522731430578792|183,3.407259963406074|182,-2.0211831666630244|181,-10.59321461611531|180,-9.950716709974996|179,-13.241401525493483|178,-13.448765606467008|177,-14.177870101581647|176,-13.867396526155284|175,-13.209961576627366|174,-19.081400398827956|173,-22.100047489357134|172,-27.602349862271588|171,-25.9956516554635|170,-26.77222294618066|169,-25.492351320601156|168,-20.339542160523663|167,-19.5859508549807|166
31,0,0,0,0,0,0,0,0,0,0,0,0,0,0,0,0,0,0,0,0,0,0,0,0,0,0,0,0,0,0,0,0,0,0,0,0,0,0,0,0,0,0,0,0,0,0,0,0,0,0,0,0,0,0,0,0,0,0,0,0,0,0,0,0,0,0,0,0,0,0,0,0,0,0,0,0,0,0,0,0,0,0,0,0,0,0,0,0,0,0,0,0,0,0,0,0|0,0|0,0|0,0|0,0|0,0|0,0|0,0|0,0|0,0|0,0|0,0|0,0|0,0|0,0|0,0|0,0|0,0|0,0|0,0|0,0|0,0|0,0|0,0|0,0|0,0|0,0|0,0|0,0|0,0|0,0|0,0|0,0|0,0|0,0|0,0|0,0|0,0|0,0|0,0|0,0|0,0|0,0|0,0|0,0|0,0|0,0|0,0|0,0|0,0|0,0|0,0|0,0|0,0|0,0|0,0|0,0|0,0|0,0|0,0|0,0|0,0|0,0|0,0|0,0|0,0|0,0|0,0|0,0|0,0|0,0|0,0|0,0|0,0|0,0|0,0|0,0|0,0|0,0|0,0|0,0|0,0|0,0|0,0|0,0|0,0|0,0|0,0|0,0|0,0|0,0|0,0|0,0|0,0|0,0|0,0|0,0|0,0|0,0|0,0|0
32,0,0,0,0,0,0,0,0,0,0,0,0,0,0,0,0,0,0,0,0,0,0,0,0,0,0,0,0,0,0,0,0,0,0,0,0,0,0,0,0,0,0,0,0,0,0,0,0,0,0,0,0,0,0,0,0,0,0,0,0,0,0,0,0,0,0,0,0,0,0,0,0,0,0,0,0,0,0,0,0,0,0,0,0,0,0,0,0,0,0,0,0,0,0,0,0|0,0|0,0|0,0|0,0|0,0|0,0|0,0|0,0|0,0|0,0|0,0|0,0|0,0|0,0|0,0|0,0|0,0|0,0|0,0|0,0|0,0|0,0|0,0|0,0|0,0|0,0|0,0|0,0|0,0|0,0|0,0|0,0|0,0|0,0|0,0|0,0|0,0|0,0|0,0|0,0|0,0|0,0|0,0|0,0|0,0|0,0|0,0|0,0|0,0|0,0|0,0|0,0|0,0|0,0|0,0|0,0|0,0|0,0|0,0|0,0|0,0|0,0|0,0|0,0|0,0|0,0|0,0|0,0|0,0|0,0|0,0|0,0|0,0|0,0|0,0|0,0|0,0|0,0|0,0|0,0|0,0|0,0|0,0|0,0|0,0|0,0|0,0|0,0|0,0|0,0|0,0|0,0|0,0|0,0|0,0|0,0|0,0|0,0|0,0|0
33,0,0,0,0,0,0,0,0,0,0,0,0,0,0,0,0,0,0,0,0,0,0,0,0,0,0,0,0,0,0,0,0,0,0,0,0,0,0,0,0,0,0,0,0,0,0,0,0,0,0,0,0,0,0,0,0,0,0,0,0,0,0,0,0,0,0,0,0,0,0,0,0,0,0,0,0,0,0,0,0,0,0,0,0,0,0,0,0,0,0,0,0,0,0,0,0|0,0|0,0|0,0|0,0|0,0|0,0|0,0|0,0|0,0|0,0|0,0|0,0|0,0|0,0|0,0|0,0|0,0|0,0|0,0|0,0|0,0|0,0|0,0|0,0|0,0|0,0|0,0|0,0|0,0|0,0|0,0|0,0|0,0|0,0|0,0|0,0|0,0|0,0|0,0|0,0|0,0|0,0|0,0|0,0|0,0|0,0|0,0|0,0|0,0|0,0|0,0|0,0|0,0|0,0|0,0|0,0|0,0|0,0|0,0|0,0|0,0|0,0|0,0|0,0|0,0|0,0|0,0|0,0|0,0|0,0|0,0|0,0|0,0|0,0|0,0|0,0|0,0|0,0|0,0|0,0|0,0|0,0|0,0|0,0|0,0|0,0|0,0|0,0|0,0|0,0|0,0|0,0|0,0|0,0|0,0|0,0|0,0|0,0|0,0|0
34,1,0,0,0,0,0,0,0,0,0,0,0,0,0,0,0,0,0,0,0,1,0,0,1,0,0,0,0,0,0,0,1,1,0,0,1,0,0,0,0,1,1,0,1,1,0,0,1,0,0,0,51,0,0,0,0,0,0,0,0,0,0,0,0,0,0,0,0,0,0,0,0,0,0,0,0,0,0,0,0,0,0,0,0,0,0,0,0,0,0,0,0,0,0,0,0|0,0|0,0|0,0|0,0|0,0|0,0|0,0|0,0|0,0|0,0|0,0|0,0|0,0|0,0|0,0|0,0|0,0|0,0|0,0|0,0|0,0|0,0|0,0|0,0|0,0|0,0|0,0|0,0|0,0|0,0|0,0|0,0|0,0|0,0|0,0|0,0|0,0|0,0|0,0|0,0|0,0|0,0|0,0|0,0|0,0|0,0|0,0|0,0|0,0|0,0|0,0|0,0|0,0|0,0|0,0|0,0|0,0|0,0|0,0|0,0|0,0|0,0|0,0|0,0|0,0|0,0|0,0|0,0|0,0|0,0|0,0|0,0|0,0|0,0|0,0|0,0|0,0|0,0|0,0|0,0|0,0|0,0|0,0|0,0|0,0|0,0|0,0|0,0|0,0|0,0|0,0|0,0|0,0|0,0|0,0|0,0|0,0|0,0|0,0|0
35,0,0,0,0,0,0,0,0,0,0,0,0,0,0,0,0,0,0,0,0,0,0,0,0,0,0,0,0,0,0,0,0,0,0,0,0,0,0,0,0,0,0,0,0,0,0,0,0,0,0,0,0,0,0,0,0,0,0,0,0,0,0,0,0,0,0,0,0,0,0,0,0,0,0,0,0,0,0,0,0,0,0,0,0,0,0,0,0,0,0,0,0,0,0,0,0|0,0|0,0|0,0|0,0|0,0|0,0|0,0|0,0|0,0|0,0|0,0|0,0|0,0|0,0|0,0|0,0|0,0|0,0|0,0|0,0|0,0|0,0|0,0|0,0|0,0|0,0|0,0|0,0|0,0|0,0|0,0|0,0|0,0|0,0|0,0|0,0|0,0|0,0|0,0|0,0|0,0|0,0|0,0|0,0|0,0|0,0|0,0|0,0|0,0|0,0|0,0|0,0|0,0|0,0|0,0|0,0|0,0|0,0|0,0|0,0|0,0|0,0|0,0|0,0|0,0|0,0|0,0|0,0|0,0|0,0|0,0|0,0|0,0|0,0|0,0|0,0|0,0|0,0|0,0|0,0|0,0|0,0|0,0|0,0|0,0|0,0|0,0|0,0|0,0|0,0|0,0|0,0|0,0|0,0|0,0|0,0|0,0|0,0|0,0|0
36,0,0,0,0,0,0,0,0,0,0,0,0,0,0,0,0,0,0,0,0,0,0,0,0,0,0,0,0,0,0,0,0,0,0,0,0,0,0,0,0,0,0,0,0,0,0,0,0,0,0,0,0,0,0,0,0,0,0,0,0,0,0,0,0,0,0,0,0,0,0,0,0,0,0,0,0,0,0,0,0,0,0,0,0,0,0,0,0,0,0,0,0,0,0,0,0|0,0|0,0|0,0|0,0|0,0|0,0|0,0|0,0|0,0|0,0|0,0|0,0|0,0|0,0|0,0|0,0|0,0|0,0|0,0|0,0|0,0|0,0|0,0|0,0|0,0|0,0|0,0|0,0|0,0|0,0|0,0|0,0|0,0|0,0|0,0|0,0|0,0|0,0|0,0|0,0|0,0|0,0|0,0|0,0|0,0|0,0|0,0|0,0|0,0|0,0|0,0|0,0|0,0|0,0|0,0|0,0|0,0|0,0|0,0|0,0|0,0|0,0|0,0|0,0|0,0|0,0|0,0|0,0|0,0|0,0|0,0|0,0|0,0|0,0|0,0|0,0|0,0|0,0|0,0|0,0|0,0|0,0|0,0|0,0|0,0|0,0|0,0|0,0|0,0|0,0|0,0|0,0|0,0|0,0|0,0|0,0|0,0|0,0|0,0|0
37,0,0,0,0,0,0,0,0,0,0,0,0,0,0,0,0,0,0,0,0,0,0,0,0,0,0,0,0,0,0,0,0,0,0,0,0,0,0,0,0,0,0,0,0,0,0,0,0,0,0,0,0,0,0,0,0,0,0,0,0,0,0,0,0,0,0,0,0,0,0,0,0,0,0,0,0,0,0,0,0,0,0,0,0,0,0,0,0,0,0,0,0,0,0,0,0|0,0|0,0|0,0|0,0|0,0|0,0|0,0|0,0|0,0|0,0|0,0|0,0|0,0|0,0|0,0|0,0|0,0|0,0|0,0|0,0|0,0|0,0|0,0|0,0|0,0|0,0|0,0|0,0|0,0|0,0|0,0|0,0|0,0|0,0|0,0|0,0|0,0|0,0|0,0|0,0|0,0|0,0|0,0|0,0|0,0|0,0|0,0|0,0|0,0|0,0|0,0|0,0|0,0|0,0|0,0|0,0|0,0|0,0|0,0|0,0|0,0|0,0|0,0|0,0|0,0|0,0|0,0|0,0|0,0|0,0|0,0|0,0|0,0|0,0|0,0|0,0|0,0|0,0|0,0|0,0|0,0|0,0|0,0|0,0|0,0|0,0|0,0|0,0|0,0|0,0|0,0|0,0|0,0|0,0|0,0|0,0|0,0|0,0|0,0|0
38,0,0,0,0,0,0,0,0,0,0,0,0,0,0,0,0,0,0,0,0,0,0,0,0,0,0,0,0,0,0,0,0,0,0,0,0,0,0,0,0,0,0,0,0,0,0,0,0,0,0,0,0,0,0,0,0,0,0,0,0,0,0,0,0,0,0,0,0,0,0,0,0,0,0,0,0,0,0,0,0,0,0,0,0,0,0,0,0,0,0,0,0,0,0,0,0|0,0|0,0|0,0|0,0|0,0|0,0|0,0|0,0|0,0|0,0|0,0|0,0|0,0|0,0|0,0|0,0|0,0|0,0|0,0|0,0|0,0|0,0|0,0|0,0|0,0|0,0|0,0|0,0|0,0|0,0|0,0|0,0|0,0|0,0|0,0|0,0|0,0|0,0|0,0|0,0|0,0|0,0|0,0|0,0|0,0|0,0|0,0|0,0|0,0|0,0|0,0|0,0|0,0|0,0|0,0|0,0|0,0|0,0|0,0|0,0|0,0|0,0|0,0|0,0|0,0|0,0|0,0|0,0|0,0|0,0|0,0|0,0|0,0|0,0|0,0|0,0|0,0|0,0|0,0|0,0|0,0|0,0|0,0|0,0|0,0|0,0|0,0|0,0|0,0|0,0|0,0|0,0|0,0|0,0|0,0|0,0|0,0|0,0|0,0|0
39,0,0,0,0,0,0,0,0,0,0,0,0,0,0,0,0,0,0,0,0,0,0,0,0,0,0,0,0,0,0,0,0,0,0,0,0,0,0,0,0,0,0,0,0,0,0,0,0,0,0,0,0,0,0,0,0,0,0,0,0,0,0,0,0,0,0,0,0,0,0,0,0,0,0,0,0,0,0,0,0,0,0,0,0,0,0,0,0,0,0,0,0,0,0,0,0|0,0|0,0|0,0|0,0|0,0|0,0|0,0|0,0|0,0|0,0|0,0|0,0|0,0|0,0|0,0|0,0|0,0|0,0|0,0|0,0|0,0|0,0|0,0|0,0|0,0|0,0|0,0|0,0|0,0|0,0|0,0|0,0|0,0|0,0|0,0|0,0|0,0|0,0|0,0|0,0|0,0|0,0|0,0|0,0|0,0|0,0|0,0|0,0|0,0|0,0|0,0|0,0|0,0|0,0|0,0|0,0|0,0|0,0|0,0|0,0|0,0|0,0|0,0|0,0|0,0|0,0|0,0|0,0|0,0|0,0|0,0|0,0|0,0|0,0|0,0|0,0|0,0|0,0|0,0|0,0|0,0|0,0|0,0|0,0|0,0|0,0|0,0|0,0|0,0|0,0|0,0|0,0|0,0|0,0|0,0|0,0|0,0|0,0|0,0|0
40,0,0,0,0,0,0,0,0,0,0,0,0,0,0,0,0,0,0,0,0,0,0,0,0,0,0,0,0,0,0,0,0,0,0,0,0,0,0,0,0,0,0,0,0,0,0,0,0,0,0,0,0,0,0,0,0,0,0,0,0,0,0,0,0,0,0,0,0,0,0,0,0,0,0,0,0,0,0,0,0,0,0,0,0,0,0,0,0,0,0,0,0,0,0,0,0|0,0|0,0|0,0|0,0|0,0|0,0|0,0|0,0|0,0|0,0|0,0|0,0|0,0|0,0|0,0|0,0|0,0|0,0|0,0|0,0|0,0|0,0|0,0|0,0|0,0|0,0|0,0|0,0|0,0|0,0|0,0|0,0|0,0|0,0|0,0|0,0|0,0|0,0|0,0|0,0|0,0|0,0|0,0|0,0|0,0|0,0|0,0|0,0|0,0|0,0|0,0|0,0|0,0|0,0|0,0|0,0|0,0|0,0|0,0|0,0|0,0|0,0|0,0|0,0|0,0|0,0|0,0|0,0|0,0|0,0|0,0|0,0|0,0|0,0|0,0|0,0|0,0|0,0|0,0|0,0|0,0|0,0|0,0|0,0|0,0|0,0|0,0|0,0|0,0|0,0|0,0|0,0|0,0|0,0|0,0|0,0|0,0|0,0|0,0|0
41,0,0,0,0,0,0,0,0,0,0,0,0,0,0,0,0,0,0,0,0,0,0,0,0,0,0,0,0,0,0,0,0,0,0,0,0,0,0,0,0,0,0,0,0,0,0,0,0,0,0,0,0,0,0,0,0,0,0,0,0,0,0,0,0,0,0,0,0,0,0,0,0,0,0,0,0,0,0,0,0,0,0,0,0,0,0,0,0,0,0,0,0,0,0,0,0|0,0|0,0|0,0|0,0|0,0|0,0|0,0|0,0|0,0|0,0|0,0|0,0|0,0|0,0|0,0|0,0|0,0|0,0|0,0|0,0|0,0|0,0|0,0|0,0|0,0|0,0|0,0|0,0|0,0|0,0|0,0|0,0|0,0|0,0|0,0|0,0|0,0|0,0|0,0|0,0|0,0|0,0|0,0|0,0|0,0|0,0|0,0|0,0|0,0|0,0|0,0|0,0|0,0|0,0|0,0|0,0|0,0|0,0|0,0|0,0|0,0|0,0|0,0|0,0|0,0|0,0|0,0|0,0|0,0|0,0|0,0|0,0|0,0|0,0|0,0|0,0|0,0|0,0|0,0|0,0|0,0|0,0|0,0|0,0|0,0|0,0|0,0|0,0|0,0|0,0|0,0|0,0|0,0|0,0|0,0|0,0|0,0|0,0|0,0|0
42,0,0,0,0,0,0,0,0,0,0,0,0,0,0,0,0,0,0,0,0,0,0,0,0,0,0,0,0,0,0,0,0,0,0,0,0,0,0,0,0,0,0,0,0,0,0,0,0,0,0,0,0,0,0,0,0,0,0,0,0,0,0,0,0,0,0,0,0,0,0,0,0,0,0,0,0,0,0,0,0,0,0,0,0,0,0,0,0,0,0,0,0,0,0,0,0|0,0|0,0|0,0|0,0|0,0|0,0|0,0|0,0|0,0|0,0|0,0|0,0|0,0|0,0|0,0|0,0|0,0|0,0|0,0|0,0|0,0|0,0|0,0|0,0|0,0|0,0|0,0|0,0|0,0|0,0|0,0|0,0|0,0|0,0|0,0|0,0|0,0|0,0|0,0|0,0|0,0|0,0|0,0|0,0|0,0|0,0|0,0|0,0|0,0|0,0|0,0|0,0|0,0|0,0|0,0|0,0|0,0|0,0|0,0|0,0|0,0|0,0|0,0|0,0|0,0|0,0|0,0|0,0|0,0|0,0|0,0|0,0|0,0|0,0|0,0|0,0|0,0|0,0|0,0|0,0|0,0|0,0|0,0|0,0|0,0|0,0|0,0|0,0|0,0|0,0|0,0|0,0|0,0|0,0|0,0|0,0|0,0|0,0|0,0|0
43,0,0,0,0,0,0,0,0,0,0,0,0,0,0,0,0,0,0,0,0,0,0,0,0,0,0,0,0,0,0,0,0,0,0,0,0,0,0,0,0,0,0,0,0,0,0,0,0,0,0,0,0,0,0,0,0,0,0,0,0,0,0,0,0,0,0,0,0,0,0,0,0,0,0,0,0,0,0,0,0,0,0,0,0,0,0,0,0,0,0,0,0,0,0,0,0|0,0|0,0|0,0|0,0|0,0|0,0|0,0|0,0|0,0|0,0|0,0|0,0|0,0|0,0|0,0|0,0|0,0|0,0|0,0|0,0|0,0|0,0|0,0|0,0|0,0|0,0|0,0|0,0|0,0|0,0|0,0|0,0|0,0|0,0|0,0|0,0|0,0|0,0|0,0|0,0|0,0|0,0|0,0|0,0|0,0|0,0|0,0|0,0|0,0|0,0|0,0|0,0|0,0|0,0|0,0|0,0|0,0|0,0|0,0|0,0|0,0|0,0|0,0|0,0|0,0|0,0|0,0|0,0|0,0|0,0|0,0|0,0|0,0|0,0|0,0|0,0|0,0|0,0|0,0|0,0|0,0|0,0|0,0|0,0|0,0|0,0|0,0|0,0|0,0|0,0|0,0|0,0|0,0|0,0|0,0|0,0|0,0|0,0|0,0|0
44,0,0,0,0,0,0,0,0,0,0,0,0,0,0,0,0,0,0,0,0,0,0,0,0,0,0,0,0,0,0,0,0,0,0,0,0,0,0,0,0,0,0,0,0,0,0,0,0,0,0,0,0,0,0,0,0,0,0,0,0,0,0,0,0,0,0,0,0,0,0,0,0,0,0,0,0,0,0,0,0,0,0,0,0,0,0,0,0,0,0,0,0,0,0,0,0|0,0|0,0|0,0|0,0|0,0|0,0|0,0|0,0|0,0|0,0|0,0|0,0|0,0|0,0|0,0|0,0|0,0|0,0|0,0|0,0|0,0|0,0|0,0|0,0|0,0|0,0|0,0|0,0|0,0|0,0|0,0|0,0|0,0|0,0|0,0|0,0|0,0|0,0|0,0|0,0|0,0|0,0|0,0|0,0|0,0|0,0|0,0|0,0|0,0|0,0|0,0|0,0|0,0|0,0|0,0|0,0|0,0|0,0|0,0|0,0|0,0|0,0|0,0|0,0|0,0|0,0|0,0|0,0|0,0|0,0|0,0|0,0|0,0|0,0|0,0|0,0|0,0|0,0|0,0|0,0|0,0|0,0|0,0|0,0|0,0|0,0|0,0|0,0|0,0|0,0|0,0|0,0|0,0|0,0|0,0|0,0|0,0|0,0|0,0|0
45,0,0,0,0,0,0,0,0,0,0,0,0,0,0,0,0,0,0,0,0,0,0,0,0,0,0,0,0,0,0,0,0,0,0,0,0,0,0,0,0,0,0,0,0,0,0,0,0,0,0,0,0,0,0,0,0,0,0,0,0,0,0,0,0,0,0,0,0,0,0,0,0,0,0,0,0,0,0,0,0,0,0,0,0,0,0,0,0,0,0,0,0,0,0,0,0|0,0|0,0|0,0|0,0|0,0|0,0|0,0|0,0|0,0|0,0|0,0|0,0|0,0|0,0|0,0|0,0|0,0|0,0|0,0|0,0|0,0|0,0|0,0|0,0|0,0|0,0|0,0|0,0|0,0|0,0|0,0|0,0|0,0|0,0|0,0|0,0|0,0|0,0|0,0|0,0|0,0|0,0|0,0|0,0|0,0|0,0|0,0|0,0|0,0|0,0|0,0|0,0|0,0|0,0|0,0|0,0|0,0|0,0|0,0|0,0|0,0|0,0|0,0|0,0|0,0|0,0|0,0|0,0|0,0|0,0|0,0|0,0|0,0|0,0|0,0|0,0|0,0|0,0|0,0|0,0|0,0|0,0|0,0|0,0|0,0|0,0|0,0|0,0|0,0|0,0|0,0|0,0|0,0|0,0|0,0|0,0|0,0|0,0|0,0|0
46,0,0,0,0,0,0,0,0,0,0,0,0,0,0,0,0,0,0,0,0,0,0,0,0,0,0,0,0,0,0,0,0,0,0,0,0,0,0,0,0,0,0,0,0,0,0,0,0,0,0,0,0,0,0,0,0,0,0,0,0,0,0,0,0,0,0,0,0,0,0,0,0,0,0,0,0,0,0,0,0,0,0,0,0,0,0,0,0,0,0,0,0,0,0,0,0|0,0|0,0|0,0|0,0|0,0|0,0|0,0|0,0|0,0|0,0|0,0|0,0|0,0|0,0|0,0|0,0|0,0|0,0|0,0|0,0|0,0|0,0|0,0|0,0|0,0|0,0|0,0|0,0|0,0|0,0|0,0|0,0|0,0|0,0|0,0|0,0|0,0|0,0|0,0|0,0|0,0|0,0|0,0|0,0|0,0|0,0|0,0|0,0|0,0|0,0|0,0|0,0|0,0|0,0|0,0|0,0|0,0|0,0|0,0|0,0|0,0|0,0|0,0|0,0|0,0|0,0|0,0|0,0|0,0|0,0|0,0|0,0|0,0|0,0|0,0|0,0|0,0|0,0|0,0|0,0|0,0|0,0|0,0|0,0|0,0|0,0|0,0|0,0|0,0|0,0|0,0|0,0|0,0|0,0|0,0|0,0|0,0|0,0|0,0|0
47,0,0,0,0,0,0,0,0,0,0,0,0,0,0,0,0,0,0,0,0,0,0,0,0,0,0,0,0,0,0,0,0,0,0,0,0,0,0,0,0,0,0,0,0,0,0,0,0,0,0,0,0,0,0,0,0,0,0,0,0,0,0,0,0,0,0,0,0,0,0,0,0,0,0,0,0,0,0,0,0,0,0,0,0,0,0,0,0,0,0,0,0,0,0,0,0|0,0|0,0|0,0|0,0|0,0|0,0|0,0|0,0|0,0|0,0|0,0|0,0|0,0|0,0|0,0|0,0|0,0|0,0|0,0|0,0|0,0|0,0|0,0|0,0|0,0|0,0|0,0|0,0|0,0|0,0|0,0|0,0|0,0|0,0|0,0|0,0|0,0|0,0|0,0|0,0|0,0|0,0|0,0|0,0|0,0|0,0|0,0|0,0|0,0|0,0|0,0|0,0|0,0|0,0|0,0|0,0|0,0|0,0|0,0|0,0|0,0|0,0|0,0|0,0|0,0|0,0|0,0|0,0|0,0|0,0|0,0|0,0|0,0|0,0|0,0|0,0|0,0|0,0|0,0|0,0|0,0|0,0|0,0|0,0|0,0|0,0|0,0|0,0|0,0|0,0|0,0|0,0|0,0|0,0|0,0|0,0|0,0|0,0|0,0|0
48,0,0,0,0,0,0,0,0,0,0,0,0,0,0,0,0,0,0,0,0,0,0,0,0,0,0,0,0,0,0,0,0,0,0,0,0,0,0,0,0,0,0,0,0,0,0,0,0,0,0,0,0,0,0,0,0,0,0,0,0,0,0,0,0,0,0,0,0,0,0,0,0,0,0,0,0,0,0,0,0,0,0,0,0,0,0,0,0,0,0,0,0,0,0,0,0|0,0|0,0|0,0|0,0|0,0|0,0|0,0|0,0|0,0|0,0|0,0|0,0|0,0|0,0|0,0|0,0|0,0|0,0|0,0|0,0|0,0|0,0|0,0|0,0|0,0|0,0|0,0|0,0|0,0|0,0|0,0|0,0|0,0|0,0|0,0|0,0|0,0|0,0|0,0|0,0|0,0|0,0|0,0|0,0|0,0|0,0|0,0|0,0|0,0|0,0|0,0|0,0|0,0|0,0|0,0|0,0|0,0|0,0|0,0|0,0|0,0|0,0|0,0|0,0|0,0|0,0|0,0|0,0|0,0|0,0|0,0|0,0|0,0|0,0|0,0|0,0|0,0|0,0|0,0|0,0|0,0|0,0|0,0|0,0|0,0|0,0|0,0|0,0|0,0|0,0|0,0|0,0|0,0|0,0|0,0|0,0|0,0|0,0|0,0|0
49,0,0,0,0,0,0,0,0,0,0,0,0,0,0,0,0,0,0,0,0,0,0,0,0,0,0,0,0,0,0,0,0,0,0,0,0,0,0,0,0,0,0,0,0,0,0,0,0,0,0,0,0,0,0,0,0,0,0,0,0,0,0,0,0,0,0,0,0,0,0,0,0,0,0,0,0,0,0,0,0,0,0,0,0,0,0,0,0,0,0,0,0,0,0,0,0|0,0|0,0|0,0|0,0|0,0|0,0|0,0|0,0|0,0|0,0|0,0|0,0|0,0|0,0|0,0|0,0|0,0|0,0|0,0|0,0|0,0|0,0|0,0|0,0|0,0|0,0|0,0|0,0|0,0|0,0|0,0|0,0|0,0|0,0|0,0|0,0|0,0|0,0|0,0|0,0|0,0|0,0|0,0|0,0|0,0|0,0|0,0|0,0|0,0|0,0|0,0|0,0|0,0|0,0|0,0|0,0|0,0|0,0|0,0|0,0|0,0|0,0|0,0|0,0|0,0|0,0|0,0|0,0|0,0|0,0|0,0|0,0|0,0|0,0|0,0|0,0|0,0|0,0|0,0|0,0|0,0|0,0|0,0|0,0|0,0|0,0|0,0|0,0|0,0|0,0|0,0|0,0|0,0|0,0|0,0|0,0|0,0|0,0|0,0|0
50,0,0,0,0,0,0,0,0,0,0,0,0,0,0,0,0,0,0,0,0,0,0,0,0,0,0,0,0,0,0,0,0,0,0,0,0,0,0,0,0,0,0,0,0,0,0,0,0,0,0,0,0,0,0,0,0,0,0,0,0,0,0,0,0,0,0,0,0,0,0,0,0,0,0,0,0,0,0,0,0,0,0,0,0,0,0,0,0,0,0,0,0,0,0,0,0|0,0|0,0|0,0|0,0|0,0|0,0|0,0|0,0|0,0|0,0|0,0|0,0|0,0|0,0|0,0|0,0|0,0|0,0|0,0|0,0|0,0|0,0|0,0|0,0|0,0|0,0|0,0|0,0|0,0|0,0|0,0|0,0|0,0|0,0|0,0|0,0|0,0|0,0|0,0|0,0|0,0|0,0|0,0|0,0|0,0|0,0|0,0|0,0|0,0|0,0|0,0|0,0|0,0|0,0|0,0|0,0|0,0|0,0|0,0|0,0|0,0|0,0|0,0|0,0|0,0|0,0|0,0|0,0|0,0|0,0|0,0|0,0|0,0|0,0|0,0|0,0|0,0|0,0|0,0|0,0|0,0|0,0|0,0|0,0|0,0|0,0|0,0|0,0|0,0|0,0|0,0|0,0|0,0|0,0|0,0|0,0|0,0|0,0|0,0|0
51,0,0,0,0,0,0,0,0,0,0,0,0,0,0,0,0,0,0,0,0,0,0,0,0,0,0,0,0,0,0,0,0,0,0,0,0,0,0,0,0,0,0,0,0,0,0,0,0,0,0,0,0,0,0,0,0,0,0,0,0,0,0,0,0,0,0,0,0,0,0,0,0,0,0,0,0,0,0,0,0,0,0,0,0,0,0,0,0,0,0,0,0,0,0,0,0|0,0|0,0|0,0|0,0|0,0|0,0|0,0|0,0|0,0|0,0|0,0|0,0|0,0|0,0|0,0|0,0|0,0|0,0|0,0|0,0|0,0|0,0|0,0|0,0|0,0|0,0|0,0|0,0|0,0|0,0|0,0|0,0|0,0|0,0|0,0|0,0|0,0|0,0|0,0|0,0|0,0|0,0|0,0|0,0|0,0|0,0|0,0|0,0|0,0|0,0|0,0|0,0|0,0|0,0|0,0|0,0|0,0|0,0|0,0|0,0|0,0|0,0|0,0|0,0|0,0|0,0|0,0|0,0|0,0|0,0|0,0|0,0|0,0|0,0|0,0|0,0|0,0|0,0|0,0|0,0|0,0|0,0|0,0|0,0|0,0|0,0|0,0|0,0|0,0|0,0|0,0|0,0|0,0|0,0|0,0|0,0|0,0|0,0|0,0|0
52,0,0,0,0,0,0,0,0,0,0,0,0,0,0,0,0,0,0,0,0,0,0,0,0,0,0,0,0,0,0,0,0,0,0,0,0,0,0,0,0,0,0,0,0,0,0,0,0,0,0,0,0,0,0,0,0,0,0,0,0,0,0,0,0,0,0,0,0,0,0,0,0,0,0,0,0,0,0,0,0,0,0,0,0,0,0,0,0,0,0,0,0,0,0,0,0|0,0|0,0|0,0|0,0|0,0|0,0|0,0|0,0|0,0|0,0|0,0|0,0|0,0|0,0|0,0|0,0|0,0|0,0|0,0|0,0|0,0|0,0|0,0|0,0|0,0|0,0|0,0|0,0|0,0|0,0|0,0|0,0|0,0|0,0|0,0|0,0|0,0|0,0|0,0|0,0|0,0|0,0|0,0|0,0|0,0|0,0|0,0|0,0|0,0|0,0|0,0|0,0|0,0|0,0|0,0|0,0|0,0|0,0|0,0|0,0|0,0|0,0|0,0|0,0|0,0|0,0|0,0|0,0|0,0|0,0|0,0|0,0|0,0|0,0|0,0|0,0|0,0|0,0|0,0|0,0|0,0|0,0|0,0|0,0|0,0|0,0|0,0|0,0|0,0|0,0|0,0|0,0|0,0|0,0|0,0|0,0|0,0|0,0|0,0|0
53,0,0,0,0,0,0,0,0,0,0,0,0,0,0,0,0,0,0,0,0,0,0,0,0,0,0,0,0,0,0,0,0,0,0,0,0,0,0,0,0,0,0,0,0,0,0,0,0,0,0,0,0,0,0,0,0,0,0,0,0,0,0,0,0,0,0,0,0,0,0,0,0,0,0,0,0,0,0,0,0,0,0,0,0,0,0,0,0,0,0,0,0,0,0,0,0|0,0|0,0|0,0|0,0|0,0|0,0|0,0|0,0|0,0|0,0|0,0|0,0|0,0|0,0|0,0|0,0|0,0|0,0|0,0|0,0|0,0|0,0|0,0|0,0|0,0|0,0|0,0|0,0|0,0|0,0|0,0|0,0|0,0|0,0|0,0|0,0|0,0|0,0|0,0|0,0|0,0|0,0|0,0|0,0|0,0|0,0|0,0|0,0|0,0|0,0|0,0|0,0|0,0|0,0|0,0|0,0|0,0|0,0|0,0|0,0|0,0|0,0|0,0|0,0|0,0|0,0|0,0|0,0|0,0|0,0|0,0|0,0|0,0|0,0|0,0|0,0|0,0|0,0|0,0|0,0|0,0|0,0|0,0|0,0|0,0|0,0|0,0|0,0|0,0|0,0|0,0|0,0|0,0|0,0|0,0|0,0|0,0|0,0|0,0|0
54,0,0,0,0,0,0,0,0,0,0,0,0,0,0,0,0,0,0,0,0,0,0,0,0,0,0,0,0,0,0,0,0,0,0,0,0,0,0,0,0,0,0,0,0,0,0,0,0,0,0,0,0,0,0,0,0,0,0,0,0,0,0,0,0,0,0,0,0,0,0,0,0,0,0,0,0,0,0,0,0,0,0,0,0,0,0,0,0,0,0,0,0,0,0,0,0|0,0|0,0|0,0|0,0|0,0|0,0|0,0|0,0|0,0|0,0|0,0|0,0|0,0|0,0|0,0|0,0|0,0|0,0|0,0|0,0|0,0|0,0|0,0|0,0|0,0|0,0|0,0|0,0|0,0|0,0|0,0|0,0|0,0|0,0|0,0|0,0|0,0|0,0|0,0|0,0|0,0|0,0|0,0|0,0|0,0|0,0|0,0|0,0|0,0|0,0|0,0|0,0|0,0|0,0|0,0|0,0|0,0|0,0|0,0|0,0|0,0|0,0|0,0|0,0|0,0|0,0|0,0|0,0|0,0|0,0|0,0|0,0|0,0|0,0|0,0|0,0|0,0|0,0|0,0|0,0|0,0|0,0|0,0|0,0|0,0|0,0|0,0|0,0|0,0|0,0|0,0|0,0|0,0|0,0|0,0|0,0|0,0|0,0|0,0|0
55,0,0,0,0,0,0,0,0,0,0,0,0,0,0,0,0,0,0,0,0,0,0,0,0,0,0,0,0,0,0,0,0,0,0,0,0,0,0,0,0,0,0,0,0,0,0,0,0,0,0,0,0,0,0,0,0,0,0,0,0,0,0,0,0,0,0,0,0,0,0,0,0,0,0,0,0,0,0,0,0,0,0,0,0,0,0,0,0,0,0,0,0,0,0,0,0|0,0|0,0|0,0|0,0|0,0|0,0|0,0|0,0|0,0|0,0|0,0|0,0|0,0|0,0|0,0|0,0|0,0|0,0|0,0|0,0|0,0|0,0|0,0|0,0|0,0|0,0|0,0|0,0|0,0|0,0|0,0|0,0|0,0|0,0|0,0|0,0|0,0|0,0|0,0|0,0|0,0|0,0|0,0|0,0|0,0|0,0|0,0|0,0|0,0|0,0|0,0|0,0|0,0|0,0|0,0|0,0|0,0|0,0|0,0|0,0|0,0|0,0|0,0|0,0|0,0|0,0|0,0|0,0|0,0|0,0|0,0|0,0|0,0|0,0|0,0|0,0|0,0|0,0|0,0|0,0|0,0|0,0|0,0|0,0|0,0|0,0|0,0|0,0|0,0|0,0|0,0|0,0|0,0|0,0|0,0|0,0|0,0|0,0|0,0|0
56,0,0,0,0,0,0,0,0,0,0,0,0,0,0,0,0,0,0,0,0,0,0,0,0,0,0,0,0,0,0,0,0,0,0,0,0,0,0,0,0,0,0,0,0,0,0,0,0,0,0,0,0,0,0,0,0,0,0,0,0,0,0,0,0,0,0,0,0,0,0,0,0,0,0,0,0,0,0,0,0,0,0,0,0,0,0,0,0,0,0,0,0,0,0,0,0|0,0|0,0|0,0|0,0|0,0|0,0|0,0|0,0|0,0|0,0|0,0|0,0|0,0|0,0|0,0|0,0|0,0|0,0|0,0|0,0|0,0|0,0|0,0|0,0|0,0|0,0|0,0|0,0|0,0|0,0|0,0|0,0|0,0|0,0|0,0|0,0|0,0|0,0|0,0|0,0|0,0|0,0|0,0|0,0|0,0|0,0|0,0|0,0|0,0|0,0|0,0|0,0|0,0|0,0|0,0|0,0|0,0|0,0|0,0|0,0|0,0|0,0|0,0|0,0|0,0|0,0|0,0|0,0|0,0|0,0|0,0|0,0|0,0|0,0|0,0|0,0|0,0|0,0|0,0|0,0|0,0|0,0|0,0|0,0|0,0|0,0|0,0|0,0|0,0|0,0|0,0|0,0|0,0|0,0|0,0|0,0|0,0|0,0|0,0|0
57,0,0,0,0,0,0,0,0,0,0,0,0,0,0,0,0,0,0,0,0,0,0,0,0,0,0,0,0,0,0,0,0,0,0,0,0,0,0,0,0,0,0,0,0,0,0,0,0,0,0,0,0,0,0,0,0,0,0,0,0,0,0,0,0,0,0,0,0,0,0,0,0,0,0,0,0,0,0,0,0,0,0,0,0,0,0,0,0,0,0,0,0,0,0,0,0|0,0|0,0|0,0|0,0|0,0|0,0|0,0|0,0|0,0|0,0|0,0|0,0|0,0|0,0|0,0|0,0|0,0|0,0|0,0|0,0|0,0|0,0|0,0|0,0|0,0|0,0|0,0|0,0|0,0|0,0|0,0|0,0|0,0|0,0|0,0|0,0|0,0|0,0|0,0|0,0|0,0|0,0|0,0|0,0|0,0|0,0|0,0|0,0|0,0|0,0|0,0|0,0|0,0|0,0|0,0|0,0|0,0|0,0|0,0|0,0|0,0|0,0|0,0|0,0|0,0|0,0|0,0|0,0|0,0|0,0|0,0|0,0|0,0|0,0|0,0|0,0|0,0|0,0|0,0|0,0|0,0|0,0|0,0|0,0|0,0|0,0|0,0|0,0|0,0|0,0|0,0|0,0|0,0|0,0|0,0|0,0|0,0|0,0|0,0|0
58,0,0,0,0,0,0,0,0,0,0,0,0,0,0,0,0,0,0,0,0,0,0,0,0,0,0,0,0,0,0,0,0,0,0,0,0,0,0,0,0,0,0,0,0,0,0,0,0,0,0,0,0,0,0,0,0,0,0,0,0,0,0,0,0,0,0,0,0,0,0,0,0,0,0,0,0,0,0,0,0,0,0,0,0,0,0,0,0,0,0,0,0,0,0,0,0|0,0|0,0|0,0|0,0|0,0|0,0|0,0|0,0|0,0|0,0|0,0|0,0|0,0|0,0|0,0|0,0|0,0|0,0|0,0|0,0|0,0|0,0|0,0|0,0|0,0|0,0|0,0|0,0|0,0|0,0|0,0|0,0|0,0|0,0|0,0|0,0|0,0|0,0|0,0|0,0|0,0|0,0|0,0|0,0|0,0|0,0|0,0|0,0|0,0|0,0|0,0|0,0|0,0|0,0|0,0|0,0|0,0|0,0|0,0|0,0|0,0|0,0|0,0|0,0|0,0|0,0|0,0|0,0|0,0|0,0|0,0|0,0|0,0|0,0|0,0|0,0|0,0|0,0|0,0|0,0|0,0|0,0|0,0|0,0|0,0|0,0|0,0|0,0|0,0|0,0|0,0|0,0|0,0|0,0|0,0|0,0|0,0|0,0|0,0|0
59,0,0,0,0,0,0,0,0,0,0,0,0,0,0,0,0,0,0,0,0,0,0,0,0,0,0,0,0,0,0,0,0,0,0,0,0,0,0,0,0,0,0,0,0,0,0,0,0,0,0,0,0,0,0,0,0,0,0,0,0,0,0,0,0,0,0,0,0,0,0,0,0,0,0,0,0,0,0,0,0,0,0,0,0,0,0,0,0,0,0,0,0,0,0,0,0|0,0|0,0|0,0|0,0|0,0|0,0|0,0|0,0|0,0|0,0|0,0|0,0|0,0|0,0|0,0|0,0|0,0|0,0|0,0|0,0|0,0|0,0|0,0|0,0|0,0|0,0|0,0|0,0|0,0|0,0|0,0|0,0|0,0|0,0|0,0|0,0|0,0|0,0|0,0|0,0|0,0|0,0|0,0|0,0|0,0|0,0|0,0|0,0|0,0|0,0|0,0|0,0|0,0|0,0|0,0|0,0|0,0|0,0|0,0|0,0|0,0|0,0|0,0|0,0|0,0|0,0|0,0|0,0|0,0|0,0|0,0|0,0|0,0|0,0|0,0|0,0|0,0|0,0|0,0|0,0|0,0|0,0|0,0|0,0|0,0|0,0|0,0|0,0|0,0|0,0|0,0|0,0|0,0|0,0|0,0|0,0|0,0|0,0|0,0|0
60,0,0,0,0,0,0,0,0,0,0,0,0,0,0,0,0,0,0,0,0,0,0,0,0,0,0,0,0,0,0,0,0,0,0,0,0,0,0,0,0,0,0,0,0,0,0,0,0,0,0,0,0,0,0,0,0,0,0,0,0,0,0,0,0,0,0,0,0,0,0,0,0,0,0,0,0,0,0,0,0,0,0,0,0,0,0,0,0,0,0,0,0,0,0,0,0|0,0|0,0|0,0|0,0|0,0|0,0|0,0|0,0|0,0|0,0|0,0|0,0|0,0|0,0|0,0|0,0|0,0|0,0|0,0|0,0|0,0|0,0|0,0|0,0|0,0|0,0|0,0|0,0|0,0|0,0|0,0|0,0|0,0|0,0|0,0|0,0|0,0|0,0|0,0|0,0|0,0|0,0|0,0|0,0|0,0|0,0|0,0|0,0|0,0|0,0|0,0|0,0|0,0|0,0|0,0|0,0|0,0|0,0|0,0|0,0|0,0|0,0|0,0|0,0|0,0|0,0|0,0|0,0|0,0|0,0|0,0|0,0|0,0|0,0|0,0|0,0|0,0|0,0|0,0|0,0|0,0|0,0|0,0|0,0|0,0|0,0|0,0|0,0|0,0|0,0|0,0|0,0|0,0|0,0|0,0|0,0|0,0|0,0|0,0|0
61,0,0,0,0,0,0,0,0,0,0,0,0,0,0,0,0,0,0,0,0,0,0,0,0,0,0,0,0,0,0,0,0,0,0,0,0,0,0,0,0,0,0,0,0,0,0,0,0,0,0,0,0,0,0,0,0,0,0,0,0,0,0,0,0,0,0,0,0,0,0,0,0,0,0,0,0,0,0,0,0,0,0,0,0,0,0,0,0,0,0,0,0,0,0,0,0|0,0|0,0|0,0|0,0|0,0|0,0|0,0|0,0|0,0|0,0|0,0|0,0|0,0|0,0|0,0|0,0|0,0|0,0|0,0|0,0|0,0|0,0|0,0|0,0|0,0|0,0|0,0|0,0|0,0|0,0|0,0|0,0|0,0|0,0|0,0|0,0|0,0|0,0|0,0|0,0|0,0|0,0|0,0|0,0|0,0|0,0|0,0|0,0|0,0|0,0|0,0|0,0|0,0|0,0|0,0|0,0|0,0|0,0|0,0|0,0|0,0|0,0|0,0|0,0|0,0|0,0|0,0|0,0|0,0|0,0|0,0|0,0|0,0|0,0|0,0|0,0|0,0|0,0|0,0|0,0|0,0|0,0|0,0|0,0|0,0|0,0|0,0|0,0|0,0|0,0|0,0|0,0|0,0|0,0|0,0|0,0|0,0|0,0|0,0|0
62,0,0,0,0,0,0,0,0,0,0,0,0,0,0,0,0,0,0,0,0,0,0,0,0,0,0,0,0,0,0,0,0,0,0,0,0,0,0,0,0,0,0,0,0,0,0,0,0,0,0,0,0,0,0,0,0,0,0,0,0,0,0,0,0,0,0,0,0,0,0,0,0,0,0,0,0,0,0,0,0,0,0,0,0,0,0,0,0,0,0,0,0,0,0,0,0|0,0|0,0|0,0|0,0|0,0|0,0|0,0|0,0|0,0|0,0|0,0|0,0|0,0|0,0|0,0|0,0|0,0|0,0|0,0|0,0|0,0|0,0|0,0|0,0|0,0|0,0|0,0|0,0|0,0|0,0|0,0|0,0|0,0|0,0|0,0|0,0|0,0|0,0|0,0|0,0|0,0|0,0|0,0|0,0|0,0|0,0|0,0|0,0|0,0|0,0|0,0|0,0|0,0|0,0|0,0|0,0|0,0|0,0|0,0|0,0|0,0|0,0|0,0|0,0|0,0|0,0|0,0|0,0|0,0|0,0|0,0|0,0|0,0|0,0|0,0|0,0|0,0|0,0|0,0|0,0|0,0|0,0|0,0|0,0|0,0|0,0|0,0|0,0|0,0|0,0|0,0|0,0|0,0|0,0|0,0|0,0|0,0|0,0|0,0|0
63,0,0,0,0,0,0,0,0,0,0,0,0,0,0,0,0,0,0,0,0,0,0,0,0,0,0,0,0,0,0,0,0,0,0,0,0,0,0,0,0,0,0,0,0,0,0,0,0,0,0,0,0,0,0,0,0,0,0,0,0,0,0,0,0,0,0,0,0,0,0,0,0,0,0,0,0,0,0,0,0,0,0,0,0,0,0,0,0,0,0,0,0,0,0,0,0|0,0|0,0|0,0|0,0|0,0|0,0|0,0|0,0|0,0|0,0|0,0|0,0|0,0|0,0|0,0|0,0|0,0|0,0|0,0|0,0|0,0|0,0|0,0|0,0|0,0|0,0|0,0|0,0|0,0|0,0|0,0|0,0|0,0|0,0|0,0|0,0|0,0|0,0|0,0|0,0|0,0|0,0|0,0|0,0|0,0|0,0|0,0|0,0|0,0|0,0|0,0|0,0|0,0|0,0|0,0|0,0|0,0|0,0|0,0|0,0|0,0|0,0|0,0|0,0|0,0|0,0|0,0|0,0|0,0|0,0|0,0|0,0|0,0|0,0|0,0|0,0|0,0|0,0|0,0|0,0|0,0|0,0|0,0|0,0|0,0|0,0|0,0|0,0|0,0|0,0|0,0|0,0|0,0|0,0|0,0|0,0|0,0|0,0|0,0|0
64,0,0,0,0,0,0,0,0,0,0,0,0,0,0,0,0,0,0,0,0,0,0,0,0,0,0,0,0,0,0,0,0,0,0,0,0,0,0,0,0,0,0,0,0,0,0,0,0,0,0,0,0,0,0,0,0,0,0,0,0,0,0,0,0,0,0,0,0,0,0,0,0,0,0,0,0,0,0,0,0,0,0,0,0,0,0,0,0,0,0,0,0,0,0,0,0|0,0|0,0|0,0|0,0|0,0|0,0|0,0|0,0|0,0|0,0|0,0|0,0|0,0|0,0|0,0|0,0|0,0|0,0|0,0|0,0|0,0|0,0|0,0|0,0|0,0|0,0|0,0|0,0|0,0|0,0|0,0|0,0|0,0|0,0|0,0|0,0|0,0|0,0|0,0|0,0|0,0|0,0|0,0|0,0|0,0|0,0|0,0|0,0|0,0|0,0|0,0|0,0|0,0|0,0|0,0|0,0|0,0|0,0|0,0|0,0|0,0|0,0|0,0|0,0|0,0|0,0|0,0|0,0|0,0|0,0|0,0|0,0|0,0|0,0|0,0|0,0|0,0|0,0|0,0|0,0|0,0|0,0|0,0|0,0|0,0|0,0|0,0|0,0|0,0|0,0|0,0|0,0|0,0|0,0|0,0|0,0|0,0|0,0|0,0|0
65,0,0,0,0,0,0,0,0,0,0,0,0,0,0,0,0,0,0,0,0,0,0,0,0,0,0,0,0,0,0,0,0,0,0,0,0,0,0,0,0,0,0,0,0,0,0,0,0,0,0,0,0,0,0,0,0,0,0,0,0,0,0,0,0,0,0,0,0,0,0,0,0,0,0,0,0,0,0,0,0,0,0,0,0,0,0,0,0,0,0,0,0,0,0,0,0|0,0|0,0|0,0|0,0|0,0|0,0|0,0|0,0|0,0|0,0|0,0|0,0|0,0|0,0|0,0|0,0|0,0|0,0|0,0|0,0|0,0|0,0|0,0|0,0|0,0|0,0|0,0|0,0|0,0|0,0|0,0|0,0|0,0|0,0|0,0|0,0|0,0|0,0|0,0|0,0|0,0|0,0|0,0|0,0|0,0|0,0|0,0|0,0|0,0|0,0|0,0|0,0|0,0|0,0|0,0|0,0|0,0|0,0|0,0|0,0|0,0|0,0|0,0|0,0|0,0|0,0|0,0|0,0|0,0|0,0|0,0|0,0|0,0|0,0|0,0|0,0|0,0|0,0|0,0|0,0|0,0|0,0|0,0|0,0|0,0|0,0|0,0|0,0|0,0|0,0|0,0|0,0|0,0|0,0|0,0|0,0|0,0|0,0|0,0|0
66,0,0,0,0,0,0,0,0,0,0,0,0,0,0,0,0,0,0,0,0,0,0,0,0,0,0,0,0,0,0,0,0,0,0,0,0,0,0,0,0,0,0,0,0,0,0,0,0,0,0,0,0,0,0,0,0,0,0,0,0,0,0,0,0,0,0,0,0,0,0,0,0,0,0,0,0,0,0,0,0,0,0,0,0,0,0,0,0,0,0,0,0,0,0,0,0|0,0|0,0|0,0|0,0|0,0|0,0|0,0|0,0|0,0|0,0|0,0|0,0|0,0|0,0|0,0|0,0|0,0|0,0|0,0|0,0|0,0|0,0|0,0|0,0|0,0|0,0|0,0|0,0|0,0|0,0|0,0|0,0|0,0|0,0|0,0|0,0|0,0|0,0|0,0|0,0|0,0|0,0|0,0|0,0|0,0|0,0|0,0|0,0|0,0|0,0|0,0|0,0|0,0|0,0|0,0|0,0|0,0|0,0|0,0|0,0|0,0|0,0|0,0|0,0|0,0|0,0|0,0|0,0|0,0|0,0|0,0|0,0|0,0|0,0|0,0|0,0|0,0|0,0|0,0|0,0|0,0|0,0|0,0|0,0|0,0|0,0|0,0|0,0|0,0|0,0|0,0|0,0|0,0|0,0|0,0|0,0|0,0|0,0|0,0|0
67,0,0,0,0,0,0,0,0,0,0,0,0,0,0,0,0,0,0,0,0,0,0,0,0,0,0,0,0,0,0,0,0,0,0,0,0,0,0,0,0,0,0,0,0,0,0,0,0,0,0,0,0,0,0,0,0,0,0,0,0,0,0,0,0,0,0,0,0,0,0,0,0,0,0,0,0,0,0,0,0,0,0,0,0,0,0,0,0,0,0,0,0,0,0,0,0|0,0|0,0|0,0|0,0|0,0|0,0|0,0|0,0|0,0|0,0|0,0|0,0|0,0|0,0|0,0|0,0|0,0|0,0|0,0|0,0|0,0|0,0|0,0|0,0|0,0|0,0|0,0|0,0|0,0|0,0|0,0|0,0|0,0|0,0|0,0|0,0|0,0|0,0|0,0|0,0|0,0|0,0|0,0|0,0|0,0|0,0|0,0|0,0|0,0|0,0|0,0|0,0|0,0|0,0|0,0|0,0|0,0|0,0|0,0|0,0|0,0|0,0|0,0|0,0|0,0|0,0|0,0|0,0|0,0|0,0|0,0|0,0|0,0|0,0|0,0|0,0|0,0|0,0|0,0|0,0|0,0|0,0|0,0|0,0|0,0|0,0|0,0|0,0|0,0|0,0|0,0|0,0|0,0|0,0|0,0|0,0|0,0|0,0|0,0|0
68,0,0,0,0,0,0,0,0,0,0,0,0,0,0,0,0,0,0,0,0,0,0,0,0,0,0,0,0,0,0,0,0,0,0,0,0,0,0,0,0,0,0,0,0,0,0,0,0,0,0,0,0,0,0,0,0,0,0,0,0,0,0,0,0,0,0,0,0,0,0,0,0,0,0,0,0,0,0,0,0,0,0,0,0,0,0,0,0,0,0,0,0,0,0,0,0|0,0|0,0|0,0|0,0|0,0|0,0|0,0|0,0|0,0|0,0|0,0|0,0|0,0|0,0|0,0|0,0|0,0|0,0|0,0|0,0|0,0|0,0|0,0|0,0|0,0|0,0|0,0|0,0|0,0|0,0|0,0|0,0|0,0|0,0|0,0|0,0|0,0|0,0|0,0|0,0|0,0|0,0|0,0|0,0|0,0|0,0|0,0|0,0|0,0|0,0|0,0|0,0|0,0|0,0|0,0|0,0|0,0|0,0|0,0|0,0|0,0|0,0|0,0|0,0|0,0|0,0|0,0|0,0|0,0|0,0|0,0|0,0|0,0|0,0|0,0|0,0|0,0|0,0|0,0|0,0|0,0|0,0|0,0|0,0|0,0|0,0|0,0|0,0|0,0|0,0|0,0|0,0|0,0|0,0|0,0|0,0|0,0|0,0|0,0|0
69,0,0,0,0,0,0,0,0,0,0,0,0,0,0,0,0,0,0,0,0,0,0,0,0,0,0,0,0,0,0,0,0,0,0,0,0,0,0,0,0,0,0,0,0,0,0,0,0,0,0,0,0,0,0,0,0,0,0,0,0,0,0,0,0,0,0,0,0,0,0,0,0,0,0,0,0,0,0,0,0,0,0,0,0,0,0,0,0,0,0,0,0,0,0,0,0|0,0|0,0|0,0|0,0|0,0|0,0|0,0|0,0|0,0|0,0|0,0|0,0|0,0|0,0|0,0|0,0|0,0|0,0|0,0|0,0|0,0|0,0|0,0|0,0|0,0|0,0|0,0|0,0|0,0|0,0|0,0|0,0|0,0|0,0|0,0|0,0|0,0|0,0|0,0|0,0|0,0|0,0|0,0|0,0|0,0|0,0|0,0|0,0|0,0|0,0|0,0|0,0|0,0|0,0|0,0|0,0|0,0|0,0|0,0|0,0|0,0|0,0|0,0|0,0|0,0|0,0|0,0|0,0|0,0|0,0|0,0|0,0|0,0|0,0|0,0|0,0|0,0|0,0|0,0|0,0|0,0|0,0|0,0|0,0|0,0|0,0|0,0|0,0|0,0|0,0|0,0|0,0|0,0|0,0|0,0|0,0|0,0|0,0|0,0|0
70,0,0,0,0,0,0,0,0,0,0,0,0,0,0,0,0,0,0,0,0,0,0,0,0,0,0,0,0,0,0,0,0,0,0,0,0,0,0,0,0,0,0,0,0,0,0,0,0,0,0,0,0,0,0,0,0,0,0,0,0,0,0,0,0,0,0,0,0,0,0,0,0,0,0,0,0,0,0,0,0,0,0,0,0,0,0,0,0,0,0,0,0,0,0,0,0|0,0|0,0|0,0|0,0|0,0|0,0|0,0|0,0|0,0|0,0|0,0|0,0|0,0|0,0|0,0|0,0|0,0|0,0|0,0|0,0|0,0|0,0|0,0|0,0|0,0|0,0|0,0|0,0|0,0|0,0|0,0|0,0|0,0|0,0|0,0|0,0|0,0|0,0|0,0|0,0|0,0|0,0|0,0|0,0|0,0|0,0|0,0|0,0|0,0|0,0|0,0|0,0|0,0|0,0|0,0|0,0|0,0|0,0|0,0|0,0|0,0|0,0|0,0|0,0|0,0|0,0|0,0|0,0|0,0|0,0|0,0|0,0|0,0|0,0|0,0|0,0|0,0|0,0|0,0|0,0|0,0|0,0|0,0|0,0|0,0|0,0|0,0|0,0|0,0|0,0|0,0|0,0|0,0|0,0|0,0|0,0|0,0|0,0|0,0|0
71,0,0,0,0,0,0,0,0,0,0,0,0,0,0,0,0,0,0,0,0,0,0,0,0,0,0,0,0,0,0,0,0,0,0,0,0,0,0,0,0,0,0,0,0,0,0,0,0,0,0,0,0,0,0,0,0,0,0,0,0,0,0,0,0,0,0,0,0,0,0,0,0,0,0,0,0,0,0,0,0,0,0,0,0,0,0,0,0,0,0,0,0,0,0,0,0|0,0|0,0|0,0|0,0|0,0|0,0|0,0|0,0|0,0|0,0|0,0|0,0|0,0|0,0|0,0|0,0|0,0|0,0|0,0|0,0|0,0|0,0|0,0|0,0|0,0|0,0|0,0|0,0|0,0|0,0|0,0|0,0|0,0|0,0|0,0|0,0|0,0|0,0|0,0|0,0|0,0|0,0|0,0|0,0|0,0|0,0|0,0|0,0|0,0|0,0|0,0|0,0|0,0|0,0|0,0|0,0|0,0|0,0|0,0|0,0|0,0|0,0|0,0|0,0|0,0|0,0|0,0|0,0|0,0|0,0|0,0|0,0|0,0|0,0|0,0|0,0|0,0|0,0|0,0|0,0|0,0|0,0|0,0|0,0|0,0|0,0|0,0|0,0|0,0|0,0|0,0|0,0|0,0|0,0|0,0|0,0|0,0|0,0|0,0|0
72,0,0,0,0,0,0,0,0,0,0,0,0,0,0,0,0,0,0,0,0,0,0,0,0,0,0,0,0,0,0,0,0,0,0,0,0,0,0,0,0,0,0,0,0,0,0,0,0,0,0,0,0,0,0,0,0,0,0,0,0,0,0,0,0,0,0,0,0,0,0,0,0,0,0,0,0,0,0,0,0,0,0,0,0,0,0,0,0,0,0,0,0,0,0,0,0|0,0|0,0|0,0|0,0|0,0|0,0|0,0|0,0|0,0|0,0|0,0|0,0|0,0|0,0|0,0|0,0|0,0|0,0|0,0|0,0|0,0|0,0|0,0|0,0|0,0|0,0|0,0|0,0|0,0|0,0|0,0|0,0|0,0|0,0|0,0|0,0|0,0|0,0|0,0|0,0|0,0|0,0|0,0|0,0|0,0|0,0|0,0|0,0|0,0|0,0|0,0|0,0|0,0|0,0|0,0|0,0|0,0|0,0|0,0|0,0|0,0|0,0|0,0|0,0|0,0|0,0|0,0|0,0|0,0|0,0|0,0|0,0|0,0|0,0|0,0|0,0|0,0|0,0|0,0|0,0|0,0|0,0|0,0|0,0|0,0|0,0|0,0|0,0|0,0|0,0|0,0|0,0|0,0|0,0|0,0|0,0|0,0|0,0|0,0|0
73,0,0,0,0,0,0,0,0,0,0,0,0,0,0,0,0,0,0,0,0,0,0,0,0,0,0,0,0,0,0,0,0,0,0,0,0,0,0,0,0,0,0,0,0,0,0,0,0,0,0,0,0,0,0,0,0,0,0,0,0,0,0,0,0,0,0,0,0,0,0,0,0,0,0,0,0,0,0,0,0,0,0,0,0,0,0,0,0,0,0,0,0,0,0,0,0|0,0|0,0|0,0|0,0|0,0|0,0|0,0|0,0|0,0|0,0|0,0|0,0|0,0|0,0|0,0|0,0|0,0|0,0|0,0|0,0|0,0|0,0|0,0|0,0|0,0|0,0|0,0|0,0|0,0|0,0|0,0|0,0|0,0|0,0|0,0|0,0|0,0|0,0|0,0|0,0|0,0|0,0|0,0|0,0|0,0|0,0|0,0|0,0|0,0|0,0|0,0|0,0|0,0|0,0|0,0|0,0|0,0|0,0|0,0|0,0|0,0|0,0|0,0|0,0|0,0|0,0|0,0|0,0|0,0|0,0|0,0|0,0|0,0|0,0|0,0|0,0|0,0|0,0|0,0|0,0|0,0|0,0|0,0|0,0|0,0|0,0|0,0|0,0|0,0|0,0|0,0|0,0|0,0|0,0|0,0|0,0|0,0|0,0|0,0|0
74,0,0,0,0,0,0,0,0,0,0,0,0,0,0,0,0,0,0,0,0,0,0,0,0,0,0,0,0,0,0,0,0,0,0,0,0,0,0,0,0,0,0,0,0,0,0,0,0,0,0,0,0,0,0,0,0,0,0,0,0,0,0,0,0,0,0,0,0,0,0,0,0,0,0,0,0,0,0,0,0,0,0,0,0,0,0,0,0,0,0,0,0,0,0,0,0|0,0|0,0|0,0|0,0|0,0|0,0|0,0|0,0|0,0|0,0|0,0|0,0|0,0|0,0|0,0|0,0|0,0|0,0|0,0|0,0|0,0|0,0|0,0|0,0|0,0|0,0|0,0|0,0|0,0|0,0|0,0|0,0|0,0|0,0|0,0|0,0|0,0|0,0|0,0|0,0|0,0|0,0|0,0|0,0|0,0|0,0|0,0|0,0|0,0|0,0|0,0|0,0|0,0|0,0|0,0|0,0|0,0|0,0|0,0|0,0|0,0|0,0|0,0|0,0|0,0|0,0|0,0|0,0|0,0|0,0|0,0|0,0|0,0|0,0|0,0|0,0|0,0|0,0|0,0|0,0|0,0|0,0|0,0|0,0|0,0|0,0|0,0|0,0|0,0|0,0|0,0|0,0|0,0|0,0|0,0|0,0|0,0|0,0|0,0|0
75,0,0,0,0,0,0,0,0,0,0,0,0,0,0,0,0,0,0,0,0,0,0,0,0,0,0,0,0,0,0,0,0,0,0,0,0,0,0,0,0,0,0,0,0,0,0,0,0,0,0,0,0,0,0,0,0,0,0,0,0,0,0,0,0,0,0,0,0,0,0,0,0,0,0,0,0,0,0,0,0,0,0,0,0,0,0,0,0,0,0,0,0,0,0,0,0|0,0|0,0|0,0|0,0|0,0|0,0|0,0|0,0|0,0|0,0|0,0|0,0|0,0|0,0|0,0|0,0|0,0|0,0|0,0|0,0|0,0|0,0|0,0|0,0|0,0|0,0|0,0|0,0|0,0|0,0|0,0|0,0|0,0|0,0|0,0|0,0|0,0|0,0|0,0|0,0|0,0|0,0|0,0|0,0|0,0|0,0|0,0|0,0|0,0|0,0|0,0|0,0|0,0|0,0|0,0|0,0|0,0|0,0|0,0|0,0|0,0|0,0|0,0|0,0|0,0|0,0|0,0|0,0|0,0|0,0|0,0|0,0|0,0|0,0|0,0|0,0|0,0|0,0|0,0|0,0|0,0|0,0|0,0|0,0|0,0|0,0|0,0|0,0|0,0|0,0|0,0|0,0|0,0|0,0|0,0|0,0|0,0|0,0|0,0|0
76,0,0,0,0,0,0,0,0,0,0,0,0,0,0,0,0,0,0,0,0,0,0,0,0,0,0,0,0,0,0,0,0,0,0,0,0,0,0,0,0,0,0,0,0,0,0,0,0,0,0,0,0,0,0,0,0,0,0,0,0,0,0,0,0,0,0,0,0,0,0,0,0,0,0,0,0,0,0,0,0,0,0,0,0,0,0,0,0,0,0,0,0,0,0,0,0|0,0|0,0|0,0|0,0|0,0|0,0|0,0|0,0|0,0|0,0|0,0|0,0|0,0|0,0|0,0|0,0|0,0|0,0|0,0|0,0|0,0|0,0|0,0|0,0|0,0|0,0|0,0|0,0|0,0|0,0|0,0|0,0|0,0|0,0|0,0|0,0|0,0|0,0|0,0|0,0|0,0|0,0|0,0|0,0|0,0|0,0|0,0|0,0|0,0|0,0|0,0|0,0|0,0|0,0|0,0|0,0|0,0|0,0|0,0|0,0|0,0|0,0|0,0|0,0|0,0|0,0|0,0|0,0|0,0|0,0|0,0|0,0|0,0|0,0|0,0|0,0|0,0|0,0|0,0|0,0|0,0|0,0|0,0|0,0|0,0|0,0|0,0|0,0|0,0|0,0|0,0|0,0|0,0|0,0|0,0|0,0|0,0|0,0|0,0|0
77,0,0,0,0,0,0,0,0,0,0,0,0,0,0,0,0,0,0,0,0,0,0,0,0,0,0,0,0,0,0,0,0,0,0,0,0,0,0,0,0,0,0,0,0,0,0,0,0,0,0,0,0,0,0,0,0,0,0,0,0,0,0,0,0,0,0,0,0,0,0,0,0,0,0,0,0,0,0,0,0,0,0,0,0,0,0,0,0,0,0,0,0,0,0,0,0|0,0|0,0|0,0|0,0|0,0|0,0|0,0|0,0|0,0|0,0|0,0|0,0|0,0|0,0|0,0|0,0|0,0|0,0|0,0|0,0|0,0|0,0|0,0|0,0|0,0|0,0|0,0|0,0|0,0|0,0|0,0|0,0|0,0|0,0|0,0|0,0|0,0|0,0|0,0|0,0|0,0|0,0|0,0|0,0|0,0|0,0|0,0|0,0|0,0|0,0|0,0|0,0|0,0|0,0|0,0|0,0|0,0|0,0|0,0|0,0|0,0|0,0|0,0|0,0|0,0|0,0|0,0|0,0|0,0|0,0|0,0|0,0|0,0|0,0|0,0|0,0|0,0|0,0|0,0|0,0|0,0|0,0|0,0|0,0|0,0|0,0|0,0|0,0|0,0|0,0|0,0|0,0|0,0|0,0|0,0|0,0|0,0|0,0|0,0|0
78,0,0,0,0,0,0,0,0,0,0,0,0,0,0,0,0,0,0,0,0,0,0,0,0,0,0,0,0,0,0,0,0,0,0,0,0,0,0,0,0,0,0,0,0,0,0,0,0,0,0,0,0,0,0,0,0,0,0,0,0,0,0,0,0,0,0,0,0,0,0,0,0,0,0,0,0,0,0,0,0,0,0,0,0,0,0,0,0,0,0,0,0,0,0,0,0|0,0|0,0|0,0|0,0|0,0|0,0|0,0|0,0|0,0|0,0|0,0|0,0|0,0|0,0|0,0|0,0|0,0|0,0|0,0|0,0|0,0|0,0|0,0|0,0|0,0|0,0|0,0|0,0|0,0|0,0|0,0|0,0|0,0|0,0|0,0|0,0|0,0|0,0|0,0|0,0|0,0|0,0|0,0|0,0|0,0|0,0|0,0|0,0|0,0|0,0|0,0|0,0|0,0|0,0|0,0|0,0|0,0|0,0|0,0|0,0|0,0|0,0|0,0|0,0|0,0|0,0|0,0|0,0|0,0|0,0|0,0|0,0|0,0|0,0|0,0|0,0|0,0|0,0|0,0|0,0|0,0|0,0|0,0|0,0|0,0|0,0|0,0|0,0|0,0|0,0|0,0|0,0|0,0|0,0|0,0|0,0|0,0|0,0|0,0|0
79,0,0,0,0,0,0,0,0,0,0,0,0,0,0,0,0,0,0,0,0,0,0,0,0,0,0,0,0,0,0,0,0,0,0,0,0,0,0,0,0,0,0,0,0,0,0,0,0,0,0,0,0,0,0,0,0,0,0,0,0,0,0,0,0,0,0,0,0,0,0,0,0,0,0,0,0,0,0,0,0,0,0,0,0,0,0,0,0,0,0,0,0,0,0,0,0|0,0|0,0|0,0|0,0|0,0|0,0|0,0|0,0|0,0|0,0|0,0|0,0|0,0|0,0|0,0|0,0|0,0|0,0|0,0|0,0|0,0|0,0|0,0|0,0|0,0|0,0|0,0|0,0|0,0|0,0|0,0|0,0|0,0|0,0|0,0|0,0|0,0|0,0|0,0|0,0|0,0|0,0|0,0|0,0|0,0|0,0|0,0|0,0|0,0|0,0|0,0|0,0|0,0|0,0|0,0|0,0|0,0|0,0|0,0|0,0|0,0|0,0|0,0|0,0|0,0|0,0|0,0|0,0|0,0|0,0|0,0|0,0|0,0|0,0|0,0|0,0|0,0|0,0|0,0|0,0|0,0|0,0|0,0|0,0|0,0|0,0|0,0|0,0|0,0|0,0|0,0|0,0|0,0|0,0|0,0|0,0|0,0|0,0|0,0|0
80,0,0,0,0,0,0,0,0,0,0,0,0,0,0,0,0,0,0,0,0,0,0,0,0,0,0,0,0,0,0,0,0,0,0,0,0,0,0,0,0,0,0,0,0,0,0,0,0,0,0,0,0,0,0,0,0,0,0,0,0,0,0,0,0,0,0,0,0,0,0,0,0,0,0,0,0,0,0,0,0,0,0,0,0,0,0,0,0,0,0,0,0,0,0,0,0|0,0|0,0|0,0|0,0|0,0|0,0|0,0|0,0|0,0|0,0|0,0|0,0|0,0|0,0|0,0|0,0|0,0|0,0|0,0|0,0|0,0|0,0|0,0|0,0|0,0|0,0|0,0|0,0|0,0|0,0|0,0|0,0|0,0|0,0|0,0|0,0|0,0|0,0|0,0|0,0|0,0|0,0|0,0|0,0|0,0|0,0|0,0|0,0|0,0|0,0|0,0|0,0|0,0|0,0|0,0|0,0|0,0|0,0|0,0|0,0|0,0|0,0|0,0|0,0|0,0|0,0|0,0|0,0|0,0|0,0|0,0|0,0|0,0|0,0|0,0|0,0|0,0|0,0|0,0|0,0|0,0|0,0|0,0|0,0|0,0|0,0|0,0|0,0|0,0|0,0|0,0|0,0|0,0|0,0|0,0|0,0|0,0|0,0|0,0|0
81,0,0,0,0,0,0,0,0,0,0,0,0,0,0,0,0,0,0,0,0,0,0,0,0,0,0,0,0,0,0,0,0,0,0,0,0,0,0,0,0,0,0,0,0,0,0,0,0,0,0,0,0,0,0,0,0,0,0,0,0,0,0,0,0,0,0,0,0,0,0,0,0,0,0,0,0,0,0,0,0,0,0,0,0,0,0,0,0,0,0,0,0,0,0,0,0|0,0|0,0|0,0|0,0|0,0|0,0|0,0|0,0|0,0|0,0|0,0|0,0|0,0|0,0|0,0|0,0|0,0|0,0|0,0|0,0|0,0|0,0|0,0|0,0|0,0|0,0|0,0|0,0|0,0|0,0|0,0|0,0|0,0|0,0|0,0|0,0|0,0|0,0|0,0|0,0|0,0|0,0|0,0|0,0|0,0|0,0|0,0|0,0|0,0|0,0|0,0|0,0|0,0|0,0|0,0|0,0|0,0|0,0|0,0|0,0|0,0|0,0|0,0|0,0|0,0|0,0|0,0|0,0|0,0|0,0|0,0|0,0|0,0|0,0|0,0|0,0|0,0|0,0|0,0|0,0|0,0|0,0|0,0|0,0|0,0|0,0|0,0|0,0|0,0|0,0|0,0|0,0|0,0|0,0|0,0|0,0|0,0|0,0|0,0|0
82,0,0,0,0,0,0,0,0,0,0,0,0,0,0,0,0,0,0,0,0,0,0,0,0,0,0,0,0,0,0,0,0,0,0,0,0,0,0,0,0,0,0,0,0,0,0,0,0,0,0,0,0,0,0,0,0,0,0,0,0,0,0,0,0,0,0,0,0,0,0,0,0,0,0,0,0,0,0,0,0,0,0,0,0,0,0,0,0,0,0,0,0,0,0,0,0|0,0|0,0|0,0|0,0|0,0|0,0|0,0|0,0|0,0|0,0|0,0|0,0|0,0|0,0|0,0|0,0|0,0|0,0|0,0|0,0|0,0|0,0|0,0|0,0|0,0|0,0|0,0|0,0|0,0|0,0|0,0|0,0|0,0|0,0|0,0|0,0|0,0|0,0|0,0|0,0|0,0|0,0|0,0|0,0|0,0|0,0|0,0|0,0|0,0|0,0|0,0|0,0|0,0|0,0|0,0|0,0|0,0|0,0|0,0|0,0|0,0|0,0|0,0|0,0|0,0|0,0|0,0|0,0|0,0|0,0|0,0|0,0|0,0|0,0|0,0|0,0|0,0|0,0|0,0|0,0|0,0|0,0|0,0|0,0|0,0|0,0|0,0|0,0|0,0|0,0|0,0|0,0|0,0|0,0|0,0|0,0|0,0|0,0|0,0|0
83,0,0,0,0,0,0,0,0,0,0,0,0,0,0,0,0,0,0,0,0,0,0,0,0,0,0,0,0,0,0,0,0,0,0,0,0,0,0,0,0,0,0,0,0,0,0,0,0,0,0,0,0,0,0,0,0,0,0,0,0,0,0,0,0,0,0,0,0,0,0,0,0,0,0,0,0,0,0,0,0,0,0,0,0,0,0,0,0,0,0,0,0,0,0,0,0|0,0|0,0|0,0|0,0|0,0|0,0|0,0|0,0|0,0|0,0|0,0|0,0|0,0|0,0|0,0|0,0|0,0|0,0|0,0|0,0|0,0|0,0|0,0|0,0|0,0|0,0|0,0|0,0|0,0|0,0|0,0|0,0|0,0|0,0|0,0|0,0|0,0|0,0|0,0|0,0|0,0|0,0|0,0|0,0|0,0|0,0|0,0|0,0|0,0|0,0|0,0|0,0|0,0|0,0|0,0|0,0|0,0|0,0|0,0|0,0|0,0|0,0|0,0|0,0|0,0|0,0|0,0|0,0|0,0|0,0|0,0|0,0|0,0|0,0|0,0|0,0|0,0|0,0|0,0|0,0|0,0|0,0|0,0|0,0|0,0|0,0|0,0|0,0|0,0|0,0|0,0|0,0|0,0|0,0|0,0|0,0|0,0|0,0|0,0|0
84,0,0,0,0,0,0,0,0,0,0,0,0,0,0,0,0,0,0,0,0,0,0,0,0,0,0,0,0,0,0,0,0,0,0,0,0,0,0,0,0,0,0,0,0,0,0,0,0,0,0,0,0,0,0,0,0,0,0,0,0,0,0,0,0,0,0,0,0,0,0,0,0,0,0,0,0,0,0,0,0,0,0,0,0,0,0,0,0,0,0,0,0,0,0,0,0|0,0|0,0|0,0|0,0|0,0|0,0|0,0|0,0|0,0|0,0|0,0|0,0|0,0|0,0|0,0|0,0|0,0|0,0|0,0|0,0|0,0|0,0|0,0|0,0|0,0|0,0|0,0|0,0|0,0|0,0|0,0|0,0|0,0|0,0|0,0|0,0|0,0|0,0|0,0|0,0|0,0|0,0|0,0|0,0|0,0|0,0|0,0|0,0|0,0|0,0|0,0|0,0|0,0|0,0|0,0|0,0|0,0|0,0|0,0|0,0|0,0|0,0|0,0|0,0|0,0|0,0|0,0|0,0|0,0|0,0|0,0|0,0|0,0|0,0|0,0|0,0|0,0|0,0|0,0|0,0|0,0|0,0|0,0|0,0|0,0|0,0|0,0|0,0|0,0|0,0|0,0|0,0|0,0|0,0|0,0|0,0|0,0|0,0|0,0|0
85,0,0,0,0,0,0,0,0,0,0,0,0,0,0,0,0,0,0,0,0,0,0,0,0,0,0,0,0,0,0,0,0,0,0,0,0,0,0,0,0,0,0,0,0,0,0,0,0,0,0,0,0,0,0,0,0,0,0,0,0,0,0,0,0,0,0,0,0,0,0,0,0,0,0,0,0,0,0,0,0,0,0,0,0,0,0,0,0,0,0,0,0,0,0,0,0|0,0|0,0|0,0|0,0|0,0|0,0|0,0|0,0|0,0|0,0|0,0|0,0|0,0|0,0|0,0|0,0|0,0|0,0|0,0|0,0|0,0|0,0|0,0|0,0|0,0|0,0|0,0|0,0|0,0|0,0|0,0|0,0|0,0|0,0|0,0|0,0|0,0|0,0|0,0|0,0|0,0|0,0|0,0|0,0|0,0|0,0|0,0|0,0|0,0|0,0|0,0|0,0|0,0|0,0|0,0|0,0|0,0|0,0|0,0|0,0|0,0|0,0|0,0|0,0|0,0|0,0|0,0|0,0|0,0|0,0|0,0|0,0|0,0|0,0|0,0|0,0|0,0|0,0|0,0|0,0|0,0|0,0|0,0|0,0|0,0|0,0|0,0|0,0|0,0|0,0|0,0|0,0|0,0|0,0|0,0|0,0|0,0|0,0|0,0|0
86,0,0,0,0,0,0,0,0,0,0,0,0,0,0,0,0,0,0,0,0,0,0,0,0,0,0,0,0,0,0,0,0,0,0,0,0,0,0,0,0,0,0,0,0,0,0,0,0,0,0,0,0,0,0,0,0,0,0,0,0,0,0,0,0,0,0,0,0,0,0,0,0,0,0,0,0,0,0,0,0,0,0,0,0,0,0,0,0,0,0,0,0,0,0,0,0|0,0|0,0|0,0|0,0|0,0|0,0|0,0|0,0|0,0|0,0|0,0|0,0|0,0|0,0|0,0|0,0|0,0|0,0|0,0|0,0|0,0|0,0|0,0|0,0|0,0|0,0|0,0|0,0|0,0|0,0|0,0|0,0|0,0|0,0|0,0|0,0|0,0|0,0|0,0|0,0|0,0|0,0|0,0|0,0|0,0|0,0|0,0|0,0|0,0|0,0|0,0|0,0|0,0|0,0|0,0|0,0|0,0|0,0|0,0|0,0|0,0|0,0|0,0|0,0|0,0|0,0|0,0|0,0|0,0|0,0|0,0|0,0|0,0|0,0|0,0|0,0|0,0|0,0|0,0|0,0|0,0|0,0|0,0|0,0|0,0|0,0|0,0|0,0|0,0|0,0|0,0|0,0|0,0|0,0|0,0|0,0|0,0|0,0|0,0|0
87,0,0,0,0,0,0,0,0,0,0,0,0,0,0,0,0,0,0,0,0,0,0,0,0,0,0,0,0,0,0,0,0,0,0,0,0,0,0,0,0,0,0,0,0,0,0,0,0,0,0,0,0,0,0,0,0,0,0,0,0,0,0,0,0,0,0,0,0,0,0,0,0,0,0,0,0,0,0,0,0,0,0,0,0,0,0,0,0,0,0,0,0,0,0,0,0|0,0|0,0|0,0|0,0|0,0|0,0|0,0|0,0|0,0|0,0|0,0|0,0|0,0|0,0|0,0|0,0|0,0|0,0|0,0|0,0|0,0|0,0|0,0|0,0|0,0|0,0|0,0|0,0|0,0|0,0|0,0|0,0|0,0|0,0|0,0|0,0|0,0|0,0|0,0|0,0|0,0|0,0|0,0|0,0|0,0|0,0|0,0|0,0|0,0|0,0|0,0|0,0|0,0|0,0|0,0|0,0|0,0|0,0|0,0|0,0|0,0|0,0|0,0|0,0|0,0|0,0|0,0|0,0|0,0|0,0|0,0|0,0|0,0|0,0|0,0|0,0|0,0|0,0|0,0|0,0|0,0|0,0|0,0|0,0|0,0|0,0|0,0|0,0|0,0|0,0|0,0|0,0|0,0|0,0|0,0|0,0|0,0|0,0|0,0|0
88,0,0,0,0,0,0,0,0,0,0,0,0,0,0,0,0,0,0,0,0,0,0,0,0,0,0,0,0,0,0,0,0,0,0,0,0,0,0,0,0,0,0,0,0,0,0,0,0,0,0,0,0,0,0,0,0,0,0,0,0,0,0,0,0,0,0,0,0,0,0,0,0,0,0,0,0,0,0,0,0,0,0,0,0,0,0,0,0,0,0,0,0,0,0,0,0|0,0|0,0|0,0|0,0|0,0|0,0|0,0|0,0|0,0|0,0|0,0|0,0|0,0|0,0|0,0|0,0|0,0|0,0|0,0|0,0|0,0|0,0|0,0|0,0|0,0|0,0|0,0|0,0|0,0|0,0|0,0|0,0|0,0|0,0|0,0|0,0|0,0|0,0|0,0|0,0|0,0|0,0|0,0|0,0|0,0|0,0|0,0|0,0|0,0|0,0|0,0|0,0|0,0|0,0|0,0|0,0|0,0|0,0|0,0|0,0|0,0|0,0|0,0|0,0|0,0|0,0|0,0|0,0|0,0|0,0|0,0|0,0|0,0|0,0|0,0|0,0|0,0|0,0|0,0|0,0|0,0|0,0|0,0|0,0|0,0|0,0|0,0|0,0|0,0|0,0|0,0|0,0|0,0|0,0|0,0|0,0|0,0|0,0|0,0|0
89,0,0,0,0,0,0,0,0,0,0,0,0,0,0,0,0,0,0,0,0,0,0,0,0,0,0,0,0,0,0,0,0,0,0,0,0,0,0,0,0,0,0,0,0,0,0,0,0,0,0,0,0,0,0,0,0,0,0,0,0,0,0,0,0,0,0,0,0,0,0,0,0,0,0,0,0,0,0,0,0,0,0,0,0,0,0,0,0,0,0,0,0,0,0,0,0|0,0|0,0|0,0|0,0|0,0|0,0|0,0|0,0|0,0|0,0|0,0|0,0|0,0|0,0|0,0|0,0|0,0|0,0|0,0|0,0|0,0|0,0|0,0|0,0|0,0|0,0|0,0|0,0|0,0|0,0|0,0|0,0|0,0|0,0|0,0|0,0|0,0|0,0|0,0|0,0|0,0|0,0|0,0|0,0|0,0|0,0|0,0|0,0|0,0|0,0|0,0|0,0|0,0|0,0|0,0|0,0|0,0|0,0|0,0|0,0|0,0|0,0|0,0|0,0|0,0|0,0|0,0|0,0|0,0|0,0|0,0|0,0|0,0|0,0|0,0|0,0|0,0|0,0|0,0|0,0|0,0|0,0|0,0|0,0|0,0|0,0|0,0|0,0|0,0|0,0|0,0|0,0|0,0|0,0|0,0|0,0|0,0|0,0|0,0|0
90,0,0,0,0,0,0,0,0,0,0,0,0,0,0,0,0,0,0,0,0,0,0,0,0,0,0,0,0,0,0,0,0,0,0,0,0,0,0,0,0,0,0,0,0,0,0,0,0,0,0,0,0,0,0,0,0,0,0,0,0,0,0,0,0,0,0,0,0,0,0,0,0,0,0,0,0,0,0,0,0,0,0,0,0,0,0,0,0,0,0,0,0,0,0,0,0|0,0|0,0|0,0|0,0|0,0|0,0|0,0|0,0|0,0|0,0|0,0|0,0|0,0|0,0|0,0|0,0|0,0|0,0|0,0|0,0|0,0|0,0|0,0|0,0|0,0|0,0|0,0|0,0|0,0|0,0|0,0|0,0|0,0|0,0|0,0|0,0|0,0|0,0|0,0|0,0|0,0|0,0|0,0|0,0|0,0|0,0|0,0|0,0|0,0|0,0|0,0|0,0|0,0|0,0|0,0|0,0|0,0|0,0|0,0|0,0|0,0|0,0|0,0|0,0|0,0|0,0|0,0|0,0|0,0|0,0|0,0|0,0|0,0|0,0|0,0|0,0|0,0|0,0|0,0|0,0|0,0|0,0|0,0|0,0|0,0|0,0|0,0|0,0|0,0|0,0|0,0|0,0|0,0|0,0|0,0|0,0|0,0|0,0|0,0|0
91,0,0,0,0,0,0,0,0,0,0,0,0,0,0,0,0,0,0,0,0,0,0,0,0,0,0,0,0,0,0,0,0,0,0,0,0,0,0,0,0,0,0,0,0,0,0,0,0,0,0,0,0,0,0,0,0,0,0,0,0,0,0,0,0,0,0,0,0,0,0,0,0,0,0,0,0,0,0,0,0,0,0,0,0,0,0,0,0,0,0,0,0,0,0,0,0|0,0|0,0|0,0|0,0|0,0|0,0|0,0|0,0|0,0|0,0|0,0|0,0|0,0|0,0|0,0|0,0|0,0|0,0|0,0|0,0|0,0|0,0|0,0|0,0|0,0|0,0|0,0|0,0|0,0|0,0|0,0|0,0|0,0|0,0|0,0|0,0|0,0|0,0|0,0|0,0|0,0|0,0|0,0|0,0|0,0|0,0|0,0|0,0|0,0|0,0|0,0|0,0|0,0|0,0|0,0|0,0|0,0|0,0|0,0|0,0|0,0|0,0|0,0|0,0|0,0|0,0|0,0|0,0|0,0|0,0|0,0|0,0|0,0|0,0|0,0|0,0|0,0|0,0|0,0|0,0|0,0|0,0|0,0|0,0|0,0|0,0|0,0|0,0|0,0|0,0|0,0|0,0|0,0|0,0|0,0|0,0|0,0|0,0|0,0|0
92,0,0,0,0,0,0,0,0,0,0,0,0,0,0,0,0,0,0,0,0,0,0,0,0,0,0,0,0,0,0,0,0,0,0,0,0,0,0,0,0,0,0,0,0,0,0,0,0,0,0,0,0,0,0,0,0,0,0,0,0,0,0,0,0,0,0,0,0,0,0,0,0,0,0,0,0,0,0,0,0,0,0,0,0,0,0,0,0,0,0,0,0,0,0,0,0|0,0|0,0|0,0|0,0|0,0|0,0|0,0|0,0|0,0|0,0|0,0|0,0|0,0|0,0|0,0|0,0|0,0|0,0|0,0|0,0|0,0|0,0|0,0|0,0|0,0|0,0|0,0|0,0|0,0|0,0|0,0|0,0|0,0|0,0|0,0|0,0|0,0|0,0|0,0|0,0|0,0|0,0|0,0|0,0|0,0|0,0|0,0|0,0|0,0|0,0|0,0|0,0|0,0|0,0|0,0|0,0|0,0|0,0|0,0|0,0|0,0|0,0|0,0|0,0|0,0|0,0|0,0|0,0|0,0|0,0|0,0|0,0|0,0|0,0|0,0|0,0|0,0|0,0|0,0|0,0|0,0|0,0|0,0|0,0|0,0|0,0|0,0|0,0|0,0|0,0|0,0|0,0|0,0|0,0|0,0|0,0|0,0|0,0|0,0|0
93,0,0,0,0,0,0,0,0,0,0,0,0,0,0,0,0,0,0,0,0,0,0,0,0,0,0,0,0,0,0,0,0,0,0,0,0,0,0,0,0,0,0,0,0,0,0,0,0,0,0,0,0,0,0,0,0,0,0,0,0,0,0,0,0,0,0,0,0,0,0,0,0,0,0,0,0,0,0,0,0,0,0,0,0,0,0,0,0,0,0,0,0,0,0,0,0|0,0|0,0|0,0|0,0|0,0|0,0|0,0|0,0|0,0|0,0|0,0|0,0|0,0|0,0|0,0|0,0|0,0|0,0|0,0|0,0|0,0|0,0|0,0|0,0|0,0|0,0|0,0|0,0|0,0|0,0|0,0|0,0|0,0|0,0|0,0|0,0|0,0|0,0|0,0|0,0|0,0|0,0|0,0|0,0|0,0|0,0|0,0|0,0|0,0|0,0|0,0|0,0|0,0|0,0|0,0|0,0|0,0|0,0|0,0|0,0|0,0|0,0|0,0|0,0|0,0|0,0|0,0|0,0|0,0|0,0|0,0|0,0|0,0|0,0|0,0|0,0|0,0|0,0|0,0|0,0|0,0|0,0|0,0|0,0|0,0|0,0|0,0|0,0|0,0|0,0|0,0|0,0|0,0|0,0|0,0|0,0|0,0|0,0|0,0|0
